{
 "cells": [
  {
   "cell_type": "code",
   "execution_count": 1,
   "metadata": {},
   "outputs": [
    {
     "name": "stderr",
     "output_type": "stream",
     "text": [
      "Welcome to compositions, a package for compositional data analysis.\n",
      "Find an intro with \"? compositions\"\n",
      "\n",
      "\n",
      "\n",
      "Attaching package: ‘compositions’\n",
      "\n",
      "\n",
      "The following objects are masked from ‘package:stats’:\n",
      "\n",
      "    anova, cor, cov, dist, var\n",
      "\n",
      "\n",
      "The following objects are masked from ‘package:base’:\n",
      "\n",
      "    %*%, norm, scale, scale.default\n",
      "\n",
      "\n",
      "Warning message:\n",
      "“package ‘MASS’ was built under R version 4.1.3”\n"
     ]
    }
   ],
   "source": [
    "library(\"testit\")\n",
    "library(\"data.table\") # also has copy\n",
    "library(\"compositions\")\n",
    "source(\"analysis.utils.r\")\n",
    "set.seed(2023)"
   ]
  },
  {
   "cell_type": "markdown",
   "metadata": {},
   "source": [
    "# simulate W"
   ]
  },
  {
   "cell_type": "code",
   "execution_count": 2,
   "metadata": {},
   "outputs": [],
   "source": [
    "# W.src: a matrix with rows as samples and columns as source names. source names needs to be meaningful\n",
    "# n: numeric.  number of sample\n",
    "# k: numeric. number of sources. \n",
    "# fit.dirichlet: logical.  if T, it will fit a dirichlet distribution and draw new W from it. \n",
    "# seed.num: numeric. \n",
    "\n",
    "# This function pioritize randomly choosing without replcaement from sources with > 5% \n",
    "# if the request k is larger than the number of sources with > 5% aboundance, \n",
    "# it will pick the top k most aboundant sources to work on\n",
    "# if sample n bigger than what's in W then check if fit.dicichlet or sample with replacement \n",
    "# esle sample without replacement \n",
    "# return simulated W, row scaled to sum up to 1, col names coems from W.src, rownames are generated automatically \n",
    "simulate_W = function(W.src, n, k, fit.dirichlet = FALSE, seed.num = 2023){\n",
    "    set.seed(seed.num)\n",
    "    assert(k <= ncol(W.src))\n",
    "    \n",
    "    # working on k\n",
    "    if (k > sum(colMeans(W.src)>0.05)){\n",
    "        W <- W.src[,order(-colMeans(W.src))[1:k]]\n",
    "        print(\"taking the top most aboundant celltypes (certain celltypes will be <5%)\")\n",
    "    }else{\n",
    "        W <- W.src[,colMeans(W.src)>0.05] # exclude lowly abundant cell types  \n",
    "        W <- W[,sample(ncol(W))[1:k]]\n",
    "        print(\"sampling in the more aboundant celltypes (>5%)\")\n",
    "    }\n",
    "    # rescale and reorder\n",
    "    W <- W/repmat(as.matrix(rowSums(W)), 1, k) \n",
    "    W <- W[,order(-colMeans(W))]\n",
    "    source.ids = colnames(W) # for dirichlet\n",
    "    \n",
    "\n",
    "    # working on samples in W\n",
    "    if (n > nrow(W)){\n",
    "        print(\"n is larger than the number of individuals in W\")\n",
    "        if(fit.dirichlet){\n",
    "            print(\"fitting dirichlet\")\n",
    "            dirichlet.alpha = fitDirichlet(W)$alpha\n",
    "            W = rDirichlet.acomp(n,dirichlet.alpha)\n",
    "            W = matrix(W, n, k)    \n",
    "        } else{\n",
    "            print(\"draw with replacement\")\n",
    "            W = W[sample(1:nrow(W), n, replace = T),]  \n",
    "        }\n",
    "    }else{\n",
    "        print(\"n is smaller than the number of individuals in W\")\n",
    "        print(\"draw without replacement\")\n",
    "        W = W[sample(1:nrow(W), n, replace = F),]\n",
    "    }\n",
    "    \n",
    "    # regardless use new sample.ids (Z with also be randomly drawn)\n",
    "    sample.ids  = as.vector(vapply(1:n, function(i) paste0(\"sample.\",i), character(1)))\n",
    "    rownames(W) = sample.ids\n",
    "    # use real celltype names\n",
    "    colnames(W) = source.ids\n",
    "    return(as.matrix(W))\n",
    "}"
   ]
  },
  {
   "cell_type": "code",
   "execution_count": 3,
   "metadata": {},
   "outputs": [],
   "source": [
    "pbmc.pb = readRDS(\"../Data/RNA/Simulation-PBMC/pbmc.pseudobulk.decon.L1.all.W.rds\")"
   ]
  },
  {
   "cell_type": "code",
   "execution_count": 4,
   "metadata": {},
   "outputs": [
    {
     "ename": "ERROR",
     "evalue": "Error: k <= ncol(W.src) is not TRUE\n",
     "output_type": "error",
     "traceback": [
      "Error: k <= ncol(W.src) is not TRUE\nTraceback:\n",
      "1. simulate_W(pbmc.pb$W, n = 500, k = 50, fit.dirichlet = FALSE, \n .     seed = 2023)",
      "2. assert(k <= ncol(W.src))   # at line 15 of file <text>",
      "3. assert2(fact, if (one) mc[[2]][-1] else mc[-1], parent.frame(), \n .     !one)",
      "4. stop(sprintf(ngettext(length(val), \"%s is not TRUE\", \"%s are not all TRUE\"), \n .     deparse_key(expr)), call. = FALSE, domain = NA)"
     ]
    }
   ],
   "source": [
    "#expected to trigger error\n",
    "W = simulate_W(pbmc.pb$W, n = 500, k = 50, fit.dirichlet = FALSE, seed = 2023)"
   ]
  },
  {
   "cell_type": "code",
   "execution_count": 6,
   "metadata": {},
   "outputs": [
    {
     "name": "stdout",
     "output_type": "stream",
     "text": [
      "[1] \"sampling in the more aboundant celltypes (>5%)\"\n",
      "[1] \"n is smaller than the number of individuals in W\"\n",
      "[1] \"draw without replacement\"\n"
     ]
    },
    {
     "data": {
      "text/html": [
       "<table class=\"dataframe\">\n",
       "<caption>A matrix: 6 × 5 of type dbl</caption>\n",
       "<thead>\n",
       "\t<tr><th></th><th scope=col>CD4</th><th scope=col>NK</th><th scope=col>CD8</th><th scope=col>Mono</th><th scope=col>B</th></tr>\n",
       "</thead>\n",
       "<tbody>\n",
       "\t<tr><th scope=row>sample.1</th><td>0.5081061</td><td>0.08069270</td><td>0.27155490</td><td>0.04126750</td><td>0.09837878</td></tr>\n",
       "\t<tr><th scope=row>sample.2</th><td>0.3503510</td><td>0.34779834</td><td>0.16039141</td><td>0.11210381</td><td>0.02935546</td></tr>\n",
       "\t<tr><th scope=row>sample.3</th><td>0.2815231</td><td>0.19413233</td><td>0.33021223</td><td>0.16978777</td><td>0.02434457</td></tr>\n",
       "\t<tr><th scope=row>sample.4</th><td>0.5765027</td><td>0.07194900</td><td>0.05828780</td><td>0.01001821</td><td>0.28324226</td></tr>\n",
       "\t<tr><th scope=row>sample.5</th><td>0.6789216</td><td>0.09068627</td><td>0.03553922</td><td>0.08333333</td><td>0.11151961</td></tr>\n",
       "\t<tr><th scope=row>sample.6</th><td>0.5472816</td><td>0.12651379</td><td>0.12058748</td><td>0.17160526</td><td>0.03401185</td></tr>\n",
       "</tbody>\n",
       "</table>\n"
      ],
      "text/latex": [
       "A matrix: 6 × 5 of type dbl\n",
       "\\begin{tabular}{r|lllll}\n",
       "  & CD4 & NK & CD8 & Mono & B\\\\\n",
       "\\hline\n",
       "\tsample.1 & 0.5081061 & 0.08069270 & 0.27155490 & 0.04126750 & 0.09837878\\\\\n",
       "\tsample.2 & 0.3503510 & 0.34779834 & 0.16039141 & 0.11210381 & 0.02935546\\\\\n",
       "\tsample.3 & 0.2815231 & 0.19413233 & 0.33021223 & 0.16978777 & 0.02434457\\\\\n",
       "\tsample.4 & 0.5765027 & 0.07194900 & 0.05828780 & 0.01001821 & 0.28324226\\\\\n",
       "\tsample.5 & 0.6789216 & 0.09068627 & 0.03553922 & 0.08333333 & 0.11151961\\\\\n",
       "\tsample.6 & 0.5472816 & 0.12651379 & 0.12058748 & 0.17160526 & 0.03401185\\\\\n",
       "\\end{tabular}\n"
      ],
      "text/markdown": [
       "\n",
       "A matrix: 6 × 5 of type dbl\n",
       "\n",
       "| <!--/--> | CD4 | NK | CD8 | Mono | B |\n",
       "|---|---|---|---|---|---|\n",
       "| sample.1 | 0.5081061 | 0.08069270 | 0.27155490 | 0.04126750 | 0.09837878 |\n",
       "| sample.2 | 0.3503510 | 0.34779834 | 0.16039141 | 0.11210381 | 0.02935546 |\n",
       "| sample.3 | 0.2815231 | 0.19413233 | 0.33021223 | 0.16978777 | 0.02434457 |\n",
       "| sample.4 | 0.5765027 | 0.07194900 | 0.05828780 | 0.01001821 | 0.28324226 |\n",
       "| sample.5 | 0.6789216 | 0.09068627 | 0.03553922 | 0.08333333 | 0.11151961 |\n",
       "| sample.6 | 0.5472816 | 0.12651379 | 0.12058748 | 0.17160526 | 0.03401185 |\n",
       "\n"
      ],
      "text/plain": [
       "         CD4       NK         CD8        Mono       B         \n",
       "sample.1 0.5081061 0.08069270 0.27155490 0.04126750 0.09837878\n",
       "sample.2 0.3503510 0.34779834 0.16039141 0.11210381 0.02935546\n",
       "sample.3 0.2815231 0.19413233 0.33021223 0.16978777 0.02434457\n",
       "sample.4 0.5765027 0.07194900 0.05828780 0.01001821 0.28324226\n",
       "sample.5 0.6789216 0.09068627 0.03553922 0.08333333 0.11151961\n",
       "sample.6 0.5472816 0.12651379 0.12058748 0.17160526 0.03401185"
      ]
     },
     "metadata": {},
     "output_type": "display_data"
    }
   ],
   "source": [
    "W = simulate_W(pbmc.pb$W, n = 100, k = 5, fit.dirichlet = T, seed = 2023)\n",
    "head(W)"
   ]
  },
  {
   "cell_type": "code",
   "execution_count": 7,
   "metadata": {},
   "outputs": [
    {
     "name": "stdout",
     "output_type": "stream",
     "text": [
      "[1] \"sampling in the more aboundant celltypes (>5%)\"\n",
      "[1] \"n is smaller than the number of individuals in W\"\n",
      "[1] \"draw without replacement\"\n"
     ]
    },
    {
     "data": {
      "text/html": [
       "<table class=\"dataframe\">\n",
       "<caption>A matrix: 6 × 5 of type dbl</caption>\n",
       "<thead>\n",
       "\t<tr><th></th><th scope=col>CD4</th><th scope=col>NK</th><th scope=col>CD8</th><th scope=col>Mono</th><th scope=col>B</th></tr>\n",
       "</thead>\n",
       "<tbody>\n",
       "\t<tr><th scope=row>sample.1</th><td>0.5081061</td><td>0.08069270</td><td>0.27155490</td><td>0.04126750</td><td>0.09837878</td></tr>\n",
       "\t<tr><th scope=row>sample.2</th><td>0.3503510</td><td>0.34779834</td><td>0.16039141</td><td>0.11210381</td><td>0.02935546</td></tr>\n",
       "\t<tr><th scope=row>sample.3</th><td>0.2815231</td><td>0.19413233</td><td>0.33021223</td><td>0.16978777</td><td>0.02434457</td></tr>\n",
       "\t<tr><th scope=row>sample.4</th><td>0.5765027</td><td>0.07194900</td><td>0.05828780</td><td>0.01001821</td><td>0.28324226</td></tr>\n",
       "\t<tr><th scope=row>sample.5</th><td>0.6789216</td><td>0.09068627</td><td>0.03553922</td><td>0.08333333</td><td>0.11151961</td></tr>\n",
       "\t<tr><th scope=row>sample.6</th><td>0.5472816</td><td>0.12651379</td><td>0.12058748</td><td>0.17160526</td><td>0.03401185</td></tr>\n",
       "</tbody>\n",
       "</table>\n"
      ],
      "text/latex": [
       "A matrix: 6 × 5 of type dbl\n",
       "\\begin{tabular}{r|lllll}\n",
       "  & CD4 & NK & CD8 & Mono & B\\\\\n",
       "\\hline\n",
       "\tsample.1 & 0.5081061 & 0.08069270 & 0.27155490 & 0.04126750 & 0.09837878\\\\\n",
       "\tsample.2 & 0.3503510 & 0.34779834 & 0.16039141 & 0.11210381 & 0.02935546\\\\\n",
       "\tsample.3 & 0.2815231 & 0.19413233 & 0.33021223 & 0.16978777 & 0.02434457\\\\\n",
       "\tsample.4 & 0.5765027 & 0.07194900 & 0.05828780 & 0.01001821 & 0.28324226\\\\\n",
       "\tsample.5 & 0.6789216 & 0.09068627 & 0.03553922 & 0.08333333 & 0.11151961\\\\\n",
       "\tsample.6 & 0.5472816 & 0.12651379 & 0.12058748 & 0.17160526 & 0.03401185\\\\\n",
       "\\end{tabular}\n"
      ],
      "text/markdown": [
       "\n",
       "A matrix: 6 × 5 of type dbl\n",
       "\n",
       "| <!--/--> | CD4 | NK | CD8 | Mono | B |\n",
       "|---|---|---|---|---|---|\n",
       "| sample.1 | 0.5081061 | 0.08069270 | 0.27155490 | 0.04126750 | 0.09837878 |\n",
       "| sample.2 | 0.3503510 | 0.34779834 | 0.16039141 | 0.11210381 | 0.02935546 |\n",
       "| sample.3 | 0.2815231 | 0.19413233 | 0.33021223 | 0.16978777 | 0.02434457 |\n",
       "| sample.4 | 0.5765027 | 0.07194900 | 0.05828780 | 0.01001821 | 0.28324226 |\n",
       "| sample.5 | 0.6789216 | 0.09068627 | 0.03553922 | 0.08333333 | 0.11151961 |\n",
       "| sample.6 | 0.5472816 | 0.12651379 | 0.12058748 | 0.17160526 | 0.03401185 |\n",
       "\n"
      ],
      "text/plain": [
       "         CD4       NK         CD8        Mono       B         \n",
       "sample.1 0.5081061 0.08069270 0.27155490 0.04126750 0.09837878\n",
       "sample.2 0.3503510 0.34779834 0.16039141 0.11210381 0.02935546\n",
       "sample.3 0.2815231 0.19413233 0.33021223 0.16978777 0.02434457\n",
       "sample.4 0.5765027 0.07194900 0.05828780 0.01001821 0.28324226\n",
       "sample.5 0.6789216 0.09068627 0.03553922 0.08333333 0.11151961\n",
       "sample.6 0.5472816 0.12651379 0.12058748 0.17160526 0.03401185"
      ]
     },
     "metadata": {},
     "output_type": "display_data"
    }
   ],
   "source": [
    "W = simulate_W(pbmc.pb$W, n = 50, k = 5, fit.dirichlet = FALSE, seed = 2023)\n",
    "head(W)"
   ]
  },
  {
   "cell_type": "code",
   "execution_count": 8,
   "metadata": {},
   "outputs": [
    {
     "name": "stdout",
     "output_type": "stream",
     "text": [
      "[1] \"sampling in the more aboundant celltypes (>5%)\"\n",
      "[1] \"n is larger than the number of individuals in W\"\n",
      "[1] \"draw with replacement\"\n"
     ]
    }
   ],
   "source": [
    "W = simulate_W(pbmc.pb$W, n = 500, k = 5, fit.dirichlet = FALSE, seed = 2023)"
   ]
  },
  {
   "cell_type": "code",
   "execution_count": 9,
   "metadata": {
    "scrolled": true
   },
   "outputs": [
    {
     "data": {
      "text/html": [
       "<table class=\"dataframe\">\n",
       "<caption>A matrix: 500 × 5 of type dbl</caption>\n",
       "<thead>\n",
       "\t<tr><th></th><th scope=col>CD4</th><th scope=col>NK</th><th scope=col>CD8</th><th scope=col>Mono</th><th scope=col>B</th></tr>\n",
       "</thead>\n",
       "<tbody>\n",
       "\t<tr><th scope=row>sample.1</th><td>0.50810612</td><td>0.08069270</td><td>0.27155490</td><td>0.041267502</td><td>0.0983787767</td></tr>\n",
       "\t<tr><th scope=row>sample.2</th><td>0.35035099</td><td>0.34779834</td><td>0.16039141</td><td>0.112103808</td><td>0.0293554563</td></tr>\n",
       "\t<tr><th scope=row>sample.3</th><td>0.28152310</td><td>0.19413233</td><td>0.33021223</td><td>0.169787765</td><td>0.0243445693</td></tr>\n",
       "\t<tr><th scope=row>sample.4</th><td>0.57650273</td><td>0.07194900</td><td>0.05828780</td><td>0.010018215</td><td>0.2832422587</td></tr>\n",
       "\t<tr><th scope=row>sample.5</th><td>0.67892157</td><td>0.09068627</td><td>0.03553922</td><td>0.083333333</td><td>0.1115196078</td></tr>\n",
       "\t<tr><th scope=row>sample.6</th><td>0.54728163</td><td>0.12651379</td><td>0.12058748</td><td>0.171605256</td><td>0.0340118526</td></tr>\n",
       "\t<tr><th scope=row>sample.7</th><td>0.06476684</td><td>0.16398964</td><td>0.16865285</td><td>0.572279793</td><td>0.0303108808</td></tr>\n",
       "\t<tr><th scope=row>sample.8</th><td>0.03631700</td><td>0.33630350</td><td>0.18361010</td><td>0.239908195</td><td>0.2038612124</td></tr>\n",
       "\t<tr><th scope=row>sample.9</th><td>0.48239700</td><td>0.20898876</td><td>0.20599251</td><td>0.044194757</td><td>0.0584269663</td></tr>\n",
       "\t<tr><th scope=row>sample.10</th><td>0.13273657</td><td>0.32097187</td><td>0.13439898</td><td>0.267007673</td><td>0.1448849105</td></tr>\n",
       "\t<tr><th scope=row>sample.11</th><td>0.64090666</td><td>0.12885954</td><td>0.15937890</td><td>0.006782081</td><td>0.0640728181</td></tr>\n",
       "\t<tr><th scope=row>sample.12</th><td>0.03995416</td><td>0.29159664</td><td>0.48250573</td><td>0.185943468</td><td>0.0000000000</td></tr>\n",
       "\t<tr><th scope=row>sample.13</th><td>0.57650273</td><td>0.07194900</td><td>0.05828780</td><td>0.010018215</td><td>0.2832422587</td></tr>\n",
       "\t<tr><th scope=row>sample.14</th><td>0.06833408</td><td>0.32347030</td><td>0.11556498</td><td>0.435015632</td><td>0.0576150067</td></tr>\n",
       "\t<tr><th scope=row>sample.15</th><td>0.53089005</td><td>0.05465969</td><td>0.20586387</td><td>0.016335079</td><td>0.1922513089</td></tr>\n",
       "\t<tr><th scope=row>sample.16</th><td>0.36250000</td><td>0.22500000</td><td>0.32102273</td><td>0.057386364</td><td>0.0340909091</td></tr>\n",
       "\t<tr><th scope=row>sample.17</th><td>0.05370844</td><td>0.16808184</td><td>0.10199488</td><td>0.676010230</td><td>0.0002046036</td></tr>\n",
       "\t<tr><th scope=row>sample.18</th><td>0.13361294</td><td>0.17315758</td><td>0.26722588</td><td>0.133612942</td><td>0.2923906531</td></tr>\n",
       "\t<tr><th scope=row>sample.19</th><td>0.13273657</td><td>0.32097187</td><td>0.13439898</td><td>0.267007673</td><td>0.1448849105</td></tr>\n",
       "\t<tr><th scope=row>sample.20</th><td>0.31548280</td><td>0.17438957</td><td>0.26581576</td><td>0.219200888</td><td>0.0251109878</td></tr>\n",
       "\t<tr><th scope=row>sample.21</th><td>0.00000000</td><td>0.41411765</td><td>0.00000000</td><td>0.449411765</td><td>0.1364705882</td></tr>\n",
       "\t<tr><th scope=row>sample.22</th><td>0.11748879</td><td>0.24986547</td><td>0.42475336</td><td>0.117847534</td><td>0.0900448430</td></tr>\n",
       "\t<tr><th scope=row>sample.23</th><td>0.47139588</td><td>0.10068650</td><td>0.25400458</td><td>0.034324943</td><td>0.1395881007</td></tr>\n",
       "\t<tr><th scope=row>sample.24</th><td>0.57650273</td><td>0.07194900</td><td>0.05828780</td><td>0.010018215</td><td>0.2832422587</td></tr>\n",
       "\t<tr><th scope=row>sample.25</th><td>0.53473227</td><td>0.08538350</td><td>0.27062229</td><td>0.002894356</td><td>0.1063675832</td></tr>\n",
       "\t<tr><th scope=row>sample.26</th><td>0.25638939</td><td>0.24971512</td><td>0.13413642</td><td>0.353410386</td><td>0.0063486896</td></tr>\n",
       "\t<tr><th scope=row>sample.27</th><td>0.42211055</td><td>0.23576214</td><td>0.23450586</td><td>0.031825796</td><td>0.0757956449</td></tr>\n",
       "\t<tr><th scope=row>sample.28</th><td>0.14872449</td><td>0.49260204</td><td>0.35153061</td><td>0.000000000</td><td>0.0071428571</td></tr>\n",
       "\t<tr><th scope=row>sample.29</th><td>0.64915572</td><td>0.17260788</td><td>0.06003752</td><td>0.050656660</td><td>0.0675422139</td></tr>\n",
       "\t<tr><th scope=row>sample.30</th><td>0.41648189</td><td>0.17923134</td><td>0.17036216</td><td>0.038802661</td><td>0.1951219512</td></tr>\n",
       "\t<tr><th scope=row>⋮</th><td>⋮</td><td>⋮</td><td>⋮</td><td>⋮</td><td>⋮</td></tr>\n",
       "\t<tr><th scope=row>sample.471</th><td>0.47156550</td><td>0.05926518</td><td>0.17603834</td><td>0.26805112</td><td>0.02507987</td></tr>\n",
       "\t<tr><th scope=row>sample.472</th><td>0.28066146</td><td>0.21543408</td><td>0.32981167</td><td>0.03996325</td><td>0.13412954</td></tr>\n",
       "\t<tr><th scope=row>sample.473</th><td>0.26900835</td><td>0.07956736</td><td>0.14671236</td><td>0.44881131</td><td>0.05590062</td></tr>\n",
       "\t<tr><th scope=row>sample.474</th><td>0.28066146</td><td>0.21543408</td><td>0.32981167</td><td>0.03996325</td><td>0.13412954</td></tr>\n",
       "\t<tr><th scope=row>sample.475</th><td>0.64915572</td><td>0.17260788</td><td>0.06003752</td><td>0.05065666</td><td>0.06754221</td></tr>\n",
       "\t<tr><th scope=row>sample.476</th><td>0.54138193</td><td>0.15413819</td><td>0.14123007</td><td>0.06302202</td><td>0.10022779</td></tr>\n",
       "\t<tr><th scope=row>sample.477</th><td>0.14136126</td><td>0.04913411</td><td>0.12515103</td><td>0.34967781</td><td>0.33467580</td></tr>\n",
       "\t<tr><th scope=row>sample.478</th><td>0.10320088</td><td>0.10816777</td><td>0.18142936</td><td>0.55698124</td><td>0.05022075</td></tr>\n",
       "\t<tr><th scope=row>sample.479</th><td>0.08279156</td><td>0.30330370</td><td>0.36592809</td><td>0.04564150</td><td>0.20233515</td></tr>\n",
       "\t<tr><th scope=row>sample.480</th><td>0.26218455</td><td>0.09709112</td><td>0.39337315</td><td>0.10229243</td><td>0.14505876</td></tr>\n",
       "\t<tr><th scope=row>sample.481</th><td>0.07928208</td><td>0.33267383</td><td>0.29974562</td><td>0.21862634</td><td>0.06967213</td></tr>\n",
       "\t<tr><th scope=row>sample.482</th><td>0.38661417</td><td>0.32047244</td><td>0.23385827</td><td>0.03464567</td><td>0.02440945</td></tr>\n",
       "\t<tr><th scope=row>sample.483</th><td>0.31074557</td><td>0.07598784</td><td>0.08868228</td><td>0.49901663</td><td>0.02556767</td></tr>\n",
       "\t<tr><th scope=row>sample.484</th><td>0.41555977</td><td>0.27514231</td><td>0.19734345</td><td>0.04838710</td><td>0.06356736</td></tr>\n",
       "\t<tr><th scope=row>sample.485</th><td>0.78278115</td><td>0.03569762</td><td>0.09682688</td><td>0.05529631</td><td>0.02939804</td></tr>\n",
       "\t<tr><th scope=row>sample.486</th><td>0.05935598</td><td>0.26057353</td><td>0.28860942</td><td>0.37864467</td><td>0.01281640</td></tr>\n",
       "\t<tr><th scope=row>sample.487</th><td>0.54138193</td><td>0.15413819</td><td>0.14123007</td><td>0.06302202</td><td>0.10022779</td></tr>\n",
       "\t<tr><th scope=row>sample.488</th><td>0.30813124</td><td>0.12125535</td><td>0.14550642</td><td>0.07417974</td><td>0.35092725</td></tr>\n",
       "\t<tr><th scope=row>sample.489</th><td>0.13273657</td><td>0.32097187</td><td>0.13439898</td><td>0.26700767</td><td>0.14488491</td></tr>\n",
       "\t<tr><th scope=row>sample.490</th><td>0.46653734</td><td>0.20691885</td><td>0.25573876</td><td>0.00000000</td><td>0.07080504</td></tr>\n",
       "\t<tr><th scope=row>sample.491</th><td>0.23964497</td><td>0.08461538</td><td>0.09905325</td><td>0.54579882</td><td>0.03088757</td></tr>\n",
       "\t<tr><th scope=row>sample.492</th><td>0.26371273</td><td>0.09701861</td><td>0.21413276</td><td>0.16175259</td><td>0.26338330</td></tr>\n",
       "\t<tr><th scope=row>sample.493</th><td>0.11748879</td><td>0.24986547</td><td>0.42475336</td><td>0.11784753</td><td>0.09004484</td></tr>\n",
       "\t<tr><th scope=row>sample.494</th><td>0.31074557</td><td>0.07598784</td><td>0.08868228</td><td>0.49901663</td><td>0.02556767</td></tr>\n",
       "\t<tr><th scope=row>sample.495</th><td>0.52876984</td><td>0.07440476</td><td>0.21081349</td><td>0.02033730</td><td>0.16567460</td></tr>\n",
       "\t<tr><th scope=row>sample.496</th><td>0.52895149</td><td>0.06729264</td><td>0.20187793</td><td>0.01251956</td><td>0.18935837</td></tr>\n",
       "\t<tr><th scope=row>sample.497</th><td>0.13273657</td><td>0.32097187</td><td>0.13439898</td><td>0.26700767</td><td>0.14488491</td></tr>\n",
       "\t<tr><th scope=row>sample.498</th><td>0.59063791</td><td>0.09040844</td><td>0.13859569</td><td>0.04405691</td><td>0.13630106</td></tr>\n",
       "\t<tr><th scope=row>sample.499</th><td>0.26218455</td><td>0.09709112</td><td>0.39337315</td><td>0.10229243</td><td>0.14505876</td></tr>\n",
       "\t<tr><th scope=row>sample.500</th><td>0.32188161</td><td>0.19397463</td><td>0.22780127</td><td>0.02748414</td><td>0.22885835</td></tr>\n",
       "</tbody>\n",
       "</table>\n"
      ],
      "text/latex": [
       "A matrix: 500 × 5 of type dbl\n",
       "\\begin{tabular}{r|lllll}\n",
       "  & CD4 & NK & CD8 & Mono & B\\\\\n",
       "\\hline\n",
       "\tsample.1 & 0.50810612 & 0.08069270 & 0.27155490 & 0.041267502 & 0.0983787767\\\\\n",
       "\tsample.2 & 0.35035099 & 0.34779834 & 0.16039141 & 0.112103808 & 0.0293554563\\\\\n",
       "\tsample.3 & 0.28152310 & 0.19413233 & 0.33021223 & 0.169787765 & 0.0243445693\\\\\n",
       "\tsample.4 & 0.57650273 & 0.07194900 & 0.05828780 & 0.010018215 & 0.2832422587\\\\\n",
       "\tsample.5 & 0.67892157 & 0.09068627 & 0.03553922 & 0.083333333 & 0.1115196078\\\\\n",
       "\tsample.6 & 0.54728163 & 0.12651379 & 0.12058748 & 0.171605256 & 0.0340118526\\\\\n",
       "\tsample.7 & 0.06476684 & 0.16398964 & 0.16865285 & 0.572279793 & 0.0303108808\\\\\n",
       "\tsample.8 & 0.03631700 & 0.33630350 & 0.18361010 & 0.239908195 & 0.2038612124\\\\\n",
       "\tsample.9 & 0.48239700 & 0.20898876 & 0.20599251 & 0.044194757 & 0.0584269663\\\\\n",
       "\tsample.10 & 0.13273657 & 0.32097187 & 0.13439898 & 0.267007673 & 0.1448849105\\\\\n",
       "\tsample.11 & 0.64090666 & 0.12885954 & 0.15937890 & 0.006782081 & 0.0640728181\\\\\n",
       "\tsample.12 & 0.03995416 & 0.29159664 & 0.48250573 & 0.185943468 & 0.0000000000\\\\\n",
       "\tsample.13 & 0.57650273 & 0.07194900 & 0.05828780 & 0.010018215 & 0.2832422587\\\\\n",
       "\tsample.14 & 0.06833408 & 0.32347030 & 0.11556498 & 0.435015632 & 0.0576150067\\\\\n",
       "\tsample.15 & 0.53089005 & 0.05465969 & 0.20586387 & 0.016335079 & 0.1922513089\\\\\n",
       "\tsample.16 & 0.36250000 & 0.22500000 & 0.32102273 & 0.057386364 & 0.0340909091\\\\\n",
       "\tsample.17 & 0.05370844 & 0.16808184 & 0.10199488 & 0.676010230 & 0.0002046036\\\\\n",
       "\tsample.18 & 0.13361294 & 0.17315758 & 0.26722588 & 0.133612942 & 0.2923906531\\\\\n",
       "\tsample.19 & 0.13273657 & 0.32097187 & 0.13439898 & 0.267007673 & 0.1448849105\\\\\n",
       "\tsample.20 & 0.31548280 & 0.17438957 & 0.26581576 & 0.219200888 & 0.0251109878\\\\\n",
       "\tsample.21 & 0.00000000 & 0.41411765 & 0.00000000 & 0.449411765 & 0.1364705882\\\\\n",
       "\tsample.22 & 0.11748879 & 0.24986547 & 0.42475336 & 0.117847534 & 0.0900448430\\\\\n",
       "\tsample.23 & 0.47139588 & 0.10068650 & 0.25400458 & 0.034324943 & 0.1395881007\\\\\n",
       "\tsample.24 & 0.57650273 & 0.07194900 & 0.05828780 & 0.010018215 & 0.2832422587\\\\\n",
       "\tsample.25 & 0.53473227 & 0.08538350 & 0.27062229 & 0.002894356 & 0.1063675832\\\\\n",
       "\tsample.26 & 0.25638939 & 0.24971512 & 0.13413642 & 0.353410386 & 0.0063486896\\\\\n",
       "\tsample.27 & 0.42211055 & 0.23576214 & 0.23450586 & 0.031825796 & 0.0757956449\\\\\n",
       "\tsample.28 & 0.14872449 & 0.49260204 & 0.35153061 & 0.000000000 & 0.0071428571\\\\\n",
       "\tsample.29 & 0.64915572 & 0.17260788 & 0.06003752 & 0.050656660 & 0.0675422139\\\\\n",
       "\tsample.30 & 0.41648189 & 0.17923134 & 0.17036216 & 0.038802661 & 0.1951219512\\\\\n",
       "\t⋮ & ⋮ & ⋮ & ⋮ & ⋮ & ⋮\\\\\n",
       "\tsample.471 & 0.47156550 & 0.05926518 & 0.17603834 & 0.26805112 & 0.02507987\\\\\n",
       "\tsample.472 & 0.28066146 & 0.21543408 & 0.32981167 & 0.03996325 & 0.13412954\\\\\n",
       "\tsample.473 & 0.26900835 & 0.07956736 & 0.14671236 & 0.44881131 & 0.05590062\\\\\n",
       "\tsample.474 & 0.28066146 & 0.21543408 & 0.32981167 & 0.03996325 & 0.13412954\\\\\n",
       "\tsample.475 & 0.64915572 & 0.17260788 & 0.06003752 & 0.05065666 & 0.06754221\\\\\n",
       "\tsample.476 & 0.54138193 & 0.15413819 & 0.14123007 & 0.06302202 & 0.10022779\\\\\n",
       "\tsample.477 & 0.14136126 & 0.04913411 & 0.12515103 & 0.34967781 & 0.33467580\\\\\n",
       "\tsample.478 & 0.10320088 & 0.10816777 & 0.18142936 & 0.55698124 & 0.05022075\\\\\n",
       "\tsample.479 & 0.08279156 & 0.30330370 & 0.36592809 & 0.04564150 & 0.20233515\\\\\n",
       "\tsample.480 & 0.26218455 & 0.09709112 & 0.39337315 & 0.10229243 & 0.14505876\\\\\n",
       "\tsample.481 & 0.07928208 & 0.33267383 & 0.29974562 & 0.21862634 & 0.06967213\\\\\n",
       "\tsample.482 & 0.38661417 & 0.32047244 & 0.23385827 & 0.03464567 & 0.02440945\\\\\n",
       "\tsample.483 & 0.31074557 & 0.07598784 & 0.08868228 & 0.49901663 & 0.02556767\\\\\n",
       "\tsample.484 & 0.41555977 & 0.27514231 & 0.19734345 & 0.04838710 & 0.06356736\\\\\n",
       "\tsample.485 & 0.78278115 & 0.03569762 & 0.09682688 & 0.05529631 & 0.02939804\\\\\n",
       "\tsample.486 & 0.05935598 & 0.26057353 & 0.28860942 & 0.37864467 & 0.01281640\\\\\n",
       "\tsample.487 & 0.54138193 & 0.15413819 & 0.14123007 & 0.06302202 & 0.10022779\\\\\n",
       "\tsample.488 & 0.30813124 & 0.12125535 & 0.14550642 & 0.07417974 & 0.35092725\\\\\n",
       "\tsample.489 & 0.13273657 & 0.32097187 & 0.13439898 & 0.26700767 & 0.14488491\\\\\n",
       "\tsample.490 & 0.46653734 & 0.20691885 & 0.25573876 & 0.00000000 & 0.07080504\\\\\n",
       "\tsample.491 & 0.23964497 & 0.08461538 & 0.09905325 & 0.54579882 & 0.03088757\\\\\n",
       "\tsample.492 & 0.26371273 & 0.09701861 & 0.21413276 & 0.16175259 & 0.26338330\\\\\n",
       "\tsample.493 & 0.11748879 & 0.24986547 & 0.42475336 & 0.11784753 & 0.09004484\\\\\n",
       "\tsample.494 & 0.31074557 & 0.07598784 & 0.08868228 & 0.49901663 & 0.02556767\\\\\n",
       "\tsample.495 & 0.52876984 & 0.07440476 & 0.21081349 & 0.02033730 & 0.16567460\\\\\n",
       "\tsample.496 & 0.52895149 & 0.06729264 & 0.20187793 & 0.01251956 & 0.18935837\\\\\n",
       "\tsample.497 & 0.13273657 & 0.32097187 & 0.13439898 & 0.26700767 & 0.14488491\\\\\n",
       "\tsample.498 & 0.59063791 & 0.09040844 & 0.13859569 & 0.04405691 & 0.13630106\\\\\n",
       "\tsample.499 & 0.26218455 & 0.09709112 & 0.39337315 & 0.10229243 & 0.14505876\\\\\n",
       "\tsample.500 & 0.32188161 & 0.19397463 & 0.22780127 & 0.02748414 & 0.22885835\\\\\n",
       "\\end{tabular}\n"
      ],
      "text/markdown": [
       "\n",
       "A matrix: 500 × 5 of type dbl\n",
       "\n",
       "| <!--/--> | CD4 | NK | CD8 | Mono | B |\n",
       "|---|---|---|---|---|---|\n",
       "| sample.1 | 0.50810612 | 0.08069270 | 0.27155490 | 0.041267502 | 0.0983787767 |\n",
       "| sample.2 | 0.35035099 | 0.34779834 | 0.16039141 | 0.112103808 | 0.0293554563 |\n",
       "| sample.3 | 0.28152310 | 0.19413233 | 0.33021223 | 0.169787765 | 0.0243445693 |\n",
       "| sample.4 | 0.57650273 | 0.07194900 | 0.05828780 | 0.010018215 | 0.2832422587 |\n",
       "| sample.5 | 0.67892157 | 0.09068627 | 0.03553922 | 0.083333333 | 0.1115196078 |\n",
       "| sample.6 | 0.54728163 | 0.12651379 | 0.12058748 | 0.171605256 | 0.0340118526 |\n",
       "| sample.7 | 0.06476684 | 0.16398964 | 0.16865285 | 0.572279793 | 0.0303108808 |\n",
       "| sample.8 | 0.03631700 | 0.33630350 | 0.18361010 | 0.239908195 | 0.2038612124 |\n",
       "| sample.9 | 0.48239700 | 0.20898876 | 0.20599251 | 0.044194757 | 0.0584269663 |\n",
       "| sample.10 | 0.13273657 | 0.32097187 | 0.13439898 | 0.267007673 | 0.1448849105 |\n",
       "| sample.11 | 0.64090666 | 0.12885954 | 0.15937890 | 0.006782081 | 0.0640728181 |\n",
       "| sample.12 | 0.03995416 | 0.29159664 | 0.48250573 | 0.185943468 | 0.0000000000 |\n",
       "| sample.13 | 0.57650273 | 0.07194900 | 0.05828780 | 0.010018215 | 0.2832422587 |\n",
       "| sample.14 | 0.06833408 | 0.32347030 | 0.11556498 | 0.435015632 | 0.0576150067 |\n",
       "| sample.15 | 0.53089005 | 0.05465969 | 0.20586387 | 0.016335079 | 0.1922513089 |\n",
       "| sample.16 | 0.36250000 | 0.22500000 | 0.32102273 | 0.057386364 | 0.0340909091 |\n",
       "| sample.17 | 0.05370844 | 0.16808184 | 0.10199488 | 0.676010230 | 0.0002046036 |\n",
       "| sample.18 | 0.13361294 | 0.17315758 | 0.26722588 | 0.133612942 | 0.2923906531 |\n",
       "| sample.19 | 0.13273657 | 0.32097187 | 0.13439898 | 0.267007673 | 0.1448849105 |\n",
       "| sample.20 | 0.31548280 | 0.17438957 | 0.26581576 | 0.219200888 | 0.0251109878 |\n",
       "| sample.21 | 0.00000000 | 0.41411765 | 0.00000000 | 0.449411765 | 0.1364705882 |\n",
       "| sample.22 | 0.11748879 | 0.24986547 | 0.42475336 | 0.117847534 | 0.0900448430 |\n",
       "| sample.23 | 0.47139588 | 0.10068650 | 0.25400458 | 0.034324943 | 0.1395881007 |\n",
       "| sample.24 | 0.57650273 | 0.07194900 | 0.05828780 | 0.010018215 | 0.2832422587 |\n",
       "| sample.25 | 0.53473227 | 0.08538350 | 0.27062229 | 0.002894356 | 0.1063675832 |\n",
       "| sample.26 | 0.25638939 | 0.24971512 | 0.13413642 | 0.353410386 | 0.0063486896 |\n",
       "| sample.27 | 0.42211055 | 0.23576214 | 0.23450586 | 0.031825796 | 0.0757956449 |\n",
       "| sample.28 | 0.14872449 | 0.49260204 | 0.35153061 | 0.000000000 | 0.0071428571 |\n",
       "| sample.29 | 0.64915572 | 0.17260788 | 0.06003752 | 0.050656660 | 0.0675422139 |\n",
       "| sample.30 | 0.41648189 | 0.17923134 | 0.17036216 | 0.038802661 | 0.1951219512 |\n",
       "| ⋮ | ⋮ | ⋮ | ⋮ | ⋮ | ⋮ |\n",
       "| sample.471 | 0.47156550 | 0.05926518 | 0.17603834 | 0.26805112 | 0.02507987 |\n",
       "| sample.472 | 0.28066146 | 0.21543408 | 0.32981167 | 0.03996325 | 0.13412954 |\n",
       "| sample.473 | 0.26900835 | 0.07956736 | 0.14671236 | 0.44881131 | 0.05590062 |\n",
       "| sample.474 | 0.28066146 | 0.21543408 | 0.32981167 | 0.03996325 | 0.13412954 |\n",
       "| sample.475 | 0.64915572 | 0.17260788 | 0.06003752 | 0.05065666 | 0.06754221 |\n",
       "| sample.476 | 0.54138193 | 0.15413819 | 0.14123007 | 0.06302202 | 0.10022779 |\n",
       "| sample.477 | 0.14136126 | 0.04913411 | 0.12515103 | 0.34967781 | 0.33467580 |\n",
       "| sample.478 | 0.10320088 | 0.10816777 | 0.18142936 | 0.55698124 | 0.05022075 |\n",
       "| sample.479 | 0.08279156 | 0.30330370 | 0.36592809 | 0.04564150 | 0.20233515 |\n",
       "| sample.480 | 0.26218455 | 0.09709112 | 0.39337315 | 0.10229243 | 0.14505876 |\n",
       "| sample.481 | 0.07928208 | 0.33267383 | 0.29974562 | 0.21862634 | 0.06967213 |\n",
       "| sample.482 | 0.38661417 | 0.32047244 | 0.23385827 | 0.03464567 | 0.02440945 |\n",
       "| sample.483 | 0.31074557 | 0.07598784 | 0.08868228 | 0.49901663 | 0.02556767 |\n",
       "| sample.484 | 0.41555977 | 0.27514231 | 0.19734345 | 0.04838710 | 0.06356736 |\n",
       "| sample.485 | 0.78278115 | 0.03569762 | 0.09682688 | 0.05529631 | 0.02939804 |\n",
       "| sample.486 | 0.05935598 | 0.26057353 | 0.28860942 | 0.37864467 | 0.01281640 |\n",
       "| sample.487 | 0.54138193 | 0.15413819 | 0.14123007 | 0.06302202 | 0.10022779 |\n",
       "| sample.488 | 0.30813124 | 0.12125535 | 0.14550642 | 0.07417974 | 0.35092725 |\n",
       "| sample.489 | 0.13273657 | 0.32097187 | 0.13439898 | 0.26700767 | 0.14488491 |\n",
       "| sample.490 | 0.46653734 | 0.20691885 | 0.25573876 | 0.00000000 | 0.07080504 |\n",
       "| sample.491 | 0.23964497 | 0.08461538 | 0.09905325 | 0.54579882 | 0.03088757 |\n",
       "| sample.492 | 0.26371273 | 0.09701861 | 0.21413276 | 0.16175259 | 0.26338330 |\n",
       "| sample.493 | 0.11748879 | 0.24986547 | 0.42475336 | 0.11784753 | 0.09004484 |\n",
       "| sample.494 | 0.31074557 | 0.07598784 | 0.08868228 | 0.49901663 | 0.02556767 |\n",
       "| sample.495 | 0.52876984 | 0.07440476 | 0.21081349 | 0.02033730 | 0.16567460 |\n",
       "| sample.496 | 0.52895149 | 0.06729264 | 0.20187793 | 0.01251956 | 0.18935837 |\n",
       "| sample.497 | 0.13273657 | 0.32097187 | 0.13439898 | 0.26700767 | 0.14488491 |\n",
       "| sample.498 | 0.59063791 | 0.09040844 | 0.13859569 | 0.04405691 | 0.13630106 |\n",
       "| sample.499 | 0.26218455 | 0.09709112 | 0.39337315 | 0.10229243 | 0.14505876 |\n",
       "| sample.500 | 0.32188161 | 0.19397463 | 0.22780127 | 0.02748414 | 0.22885835 |\n",
       "\n"
      ],
      "text/plain": [
       "           CD4        NK         CD8        Mono        B           \n",
       "sample.1   0.50810612 0.08069270 0.27155490 0.041267502 0.0983787767\n",
       "sample.2   0.35035099 0.34779834 0.16039141 0.112103808 0.0293554563\n",
       "sample.3   0.28152310 0.19413233 0.33021223 0.169787765 0.0243445693\n",
       "sample.4   0.57650273 0.07194900 0.05828780 0.010018215 0.2832422587\n",
       "sample.5   0.67892157 0.09068627 0.03553922 0.083333333 0.1115196078\n",
       "sample.6   0.54728163 0.12651379 0.12058748 0.171605256 0.0340118526\n",
       "sample.7   0.06476684 0.16398964 0.16865285 0.572279793 0.0303108808\n",
       "sample.8   0.03631700 0.33630350 0.18361010 0.239908195 0.2038612124\n",
       "sample.9   0.48239700 0.20898876 0.20599251 0.044194757 0.0584269663\n",
       "sample.10  0.13273657 0.32097187 0.13439898 0.267007673 0.1448849105\n",
       "sample.11  0.64090666 0.12885954 0.15937890 0.006782081 0.0640728181\n",
       "sample.12  0.03995416 0.29159664 0.48250573 0.185943468 0.0000000000\n",
       "sample.13  0.57650273 0.07194900 0.05828780 0.010018215 0.2832422587\n",
       "sample.14  0.06833408 0.32347030 0.11556498 0.435015632 0.0576150067\n",
       "sample.15  0.53089005 0.05465969 0.20586387 0.016335079 0.1922513089\n",
       "sample.16  0.36250000 0.22500000 0.32102273 0.057386364 0.0340909091\n",
       "sample.17  0.05370844 0.16808184 0.10199488 0.676010230 0.0002046036\n",
       "sample.18  0.13361294 0.17315758 0.26722588 0.133612942 0.2923906531\n",
       "sample.19  0.13273657 0.32097187 0.13439898 0.267007673 0.1448849105\n",
       "sample.20  0.31548280 0.17438957 0.26581576 0.219200888 0.0251109878\n",
       "sample.21  0.00000000 0.41411765 0.00000000 0.449411765 0.1364705882\n",
       "sample.22  0.11748879 0.24986547 0.42475336 0.117847534 0.0900448430\n",
       "sample.23  0.47139588 0.10068650 0.25400458 0.034324943 0.1395881007\n",
       "sample.24  0.57650273 0.07194900 0.05828780 0.010018215 0.2832422587\n",
       "sample.25  0.53473227 0.08538350 0.27062229 0.002894356 0.1063675832\n",
       "sample.26  0.25638939 0.24971512 0.13413642 0.353410386 0.0063486896\n",
       "sample.27  0.42211055 0.23576214 0.23450586 0.031825796 0.0757956449\n",
       "sample.28  0.14872449 0.49260204 0.35153061 0.000000000 0.0071428571\n",
       "sample.29  0.64915572 0.17260788 0.06003752 0.050656660 0.0675422139\n",
       "sample.30  0.41648189 0.17923134 0.17036216 0.038802661 0.1951219512\n",
       "⋮          ⋮          ⋮          ⋮          ⋮           ⋮           \n",
       "sample.471 0.47156550 0.05926518 0.17603834 0.26805112  0.02507987  \n",
       "sample.472 0.28066146 0.21543408 0.32981167 0.03996325  0.13412954  \n",
       "sample.473 0.26900835 0.07956736 0.14671236 0.44881131  0.05590062  \n",
       "sample.474 0.28066146 0.21543408 0.32981167 0.03996325  0.13412954  \n",
       "sample.475 0.64915572 0.17260788 0.06003752 0.05065666  0.06754221  \n",
       "sample.476 0.54138193 0.15413819 0.14123007 0.06302202  0.10022779  \n",
       "sample.477 0.14136126 0.04913411 0.12515103 0.34967781  0.33467580  \n",
       "sample.478 0.10320088 0.10816777 0.18142936 0.55698124  0.05022075  \n",
       "sample.479 0.08279156 0.30330370 0.36592809 0.04564150  0.20233515  \n",
       "sample.480 0.26218455 0.09709112 0.39337315 0.10229243  0.14505876  \n",
       "sample.481 0.07928208 0.33267383 0.29974562 0.21862634  0.06967213  \n",
       "sample.482 0.38661417 0.32047244 0.23385827 0.03464567  0.02440945  \n",
       "sample.483 0.31074557 0.07598784 0.08868228 0.49901663  0.02556767  \n",
       "sample.484 0.41555977 0.27514231 0.19734345 0.04838710  0.06356736  \n",
       "sample.485 0.78278115 0.03569762 0.09682688 0.05529631  0.02939804  \n",
       "sample.486 0.05935598 0.26057353 0.28860942 0.37864467  0.01281640  \n",
       "sample.487 0.54138193 0.15413819 0.14123007 0.06302202  0.10022779  \n",
       "sample.488 0.30813124 0.12125535 0.14550642 0.07417974  0.35092725  \n",
       "sample.489 0.13273657 0.32097187 0.13439898 0.26700767  0.14488491  \n",
       "sample.490 0.46653734 0.20691885 0.25573876 0.00000000  0.07080504  \n",
       "sample.491 0.23964497 0.08461538 0.09905325 0.54579882  0.03088757  \n",
       "sample.492 0.26371273 0.09701861 0.21413276 0.16175259  0.26338330  \n",
       "sample.493 0.11748879 0.24986547 0.42475336 0.11784753  0.09004484  \n",
       "sample.494 0.31074557 0.07598784 0.08868228 0.49901663  0.02556767  \n",
       "sample.495 0.52876984 0.07440476 0.21081349 0.02033730  0.16567460  \n",
       "sample.496 0.52895149 0.06729264 0.20187793 0.01251956  0.18935837  \n",
       "sample.497 0.13273657 0.32097187 0.13439898 0.26700767  0.14488491  \n",
       "sample.498 0.59063791 0.09040844 0.13859569 0.04405691  0.13630106  \n",
       "sample.499 0.26218455 0.09709112 0.39337315 0.10229243  0.14505876  \n",
       "sample.500 0.32188161 0.19397463 0.22780127 0.02748414  0.22885835  "
      ]
     },
     "metadata": {},
     "output_type": "display_data"
    }
   ],
   "source": [
    "W"
   ]
  },
  {
   "cell_type": "markdown",
   "metadata": {},
   "source": [
    "# feature selection"
   ]
  },
  {
   "cell_type": "code",
   "execution_count": 10,
   "metadata": {},
   "outputs": [],
   "source": [
