{
 "cells": [
  {
   "cell_type": "raw",
   "metadata": {},
   "source": [
    "# This notebook takes\n",
    "# n.copies: number of copies to generate \n",
    "# res.dir: path to the directory where the celltype level pseudobulk of Stephenson PBMC is\n",
    "# all the parameters needed to simulate mixtures from the pseudobulk RDS file\n",
    "# This notebooks calls the functions in simulate.expression.utils.r (checked in the 0.0.2 notebook)\n",
    "# and save n.copies of simulated datasets (generated under different seed)\n",
    "# in a subfolder of res.dir. the name of the subfolder contains all parameters used to generate the data"
   ]
  },
  {
   "cell_type": "code",
   "execution_count": 1,
   "metadata": {
    "scrolled": true
   },
   "outputs": [
    {
     "name": "stderr",
     "output_type": "stream",
     "text": [
      "Warning message:\n",
      "“package ‘MASS’ was built under R version 4.1.3”\n",
      "Welcome to compositions, a package for compositional data analysis.\n",
      "Find an intro with \"? compositions\"\n",
      "\n",
      "\n",
      "\n",
      "Attaching package: ‘compositions’\n",
      "\n",
      "\n",
      "The following objects are masked from ‘package:stats’:\n",
      "\n",
      "    anova, cor, cov, dist, var\n",
      "\n",
      "\n",
      "The following objects are masked from ‘package:base’:\n",
      "\n",
      "    %*%, norm, scale, scale.default\n",
      "\n",
      "\n"
     ]
    }
   ],
   "source": [
    "source(\"analysis.utils.r\")\n",
    "source(\"simulate.expression.utils.r\")\n",
    "set.seed(2023)"
   ]
  },
  {
   "cell_type": "markdown",
   "metadata": {},
   "source": [
    "# Parameters"
   ]
  },
  {
   "cell_type": "code",
   "execution_count": 2,
   "metadata": {},
   "outputs": [],
   "source": [
    "# partial.W = F # T or F\n",
    "# source.col = \"decon.L1\" # \"decon.L1\" or \"decon.L2\"\n",
    "# k = 5\n",
    "# feature.set = \"HEF.10k\" # \"HVF.10k\" or \"HEF.10k\"\n",
    "# n = 500\n",
    "\n",
    "# partial.W = F # T or F\n",
    "# source.col = \"decon.L2\" # \"decon.L1\" or \"decon.L2\"\n",
    "# k = 7\n",
    "# feature.set = \"HEF.10k\" # \"HVF.10k\" or \"HEF.10k\"\n",
    "# n = 500\n",
    "\n",
    "# partial.W = F # T or F\n",
    "# source.col = \"decon.L1\" # \"decon.L1\" or \"decon.L2\"\n",
    "# k = 5\n",
    "# feature.set = \"HEF.10k\" # \"HVF.10k\" or \"HEF.10k\"\n",
    "# n = 250\n",
    "\n",
    "partial.W = F # T or F\n",
    "source.col = \"decon.L1\" # \"decon.L1\" or \"decon.L2\"\n",
    "k = 5\n",
    "feature.set = \"HEF.10k\" # \"HVF.10k\" or \"HEF.10k\"\n",
    "n = 100"
   ]
  },
  {
   "cell_type": "code",
   "execution_count": 3,
   "metadata": {},
   "outputs": [],
   "source": [
    "max_sds = 2\n",
    "#max_sds = 3\n",
    "\n",
    "m = 600;\n",
    "fit.dirichlet = F;\n",
    "add.noise = T; variable_thr = 10^(-4); fill_thr = 10^(-4); expression.qtl = 0; # dont do additional filtering\n",
    "enrich.low = F; entropy.thr.ratio = 0; enrich.ratio = 0;\n",
    "scale.max_sds = Inf; scale.factor.thr = 10**(-4)"
   ]
  },
  {
   "cell_type": "code",
   "execution_count": 4,
   "metadata": {},
   "outputs": [],
   "source": [
    "n.copies = 20\n",
    "res.dir = \"../Data/RNA/Simulation-PBMC/\""
   ]
  },
  {
   "cell_type": "markdown",
   "metadata": {},
   "source": [
    "## Directory"
   ]
  },
  {
   "cell_type": "code",
   "execution_count": 5,
   "metadata": {},
   "outputs": [],
   "source": [
    "res.folder  = paste(\"sc-Stephenson\", if (partial.W) \"partial.W\" else \"all.W\", source.col, feature.set, \n",
    "                    \"k\",k,\"m\",m,\"n\",n,\n",
    "                    \"dirichlet\",substr(as.character(fit.dirichlet), 1,1),\n",
    "                    \"noiseZ\",substr(as.character(add.noise), 1,1), \"varThr\",variable_thr, \"filThr\",fill_thr, \"expQtl\",expression.qtl,\n",
    "                    \"enrich\",substr(as.character(enrich.low), 1,1), \"etpRat\",entropy.thr.ratio, \"enrichRat\",enrich.ratio, \n",
    "                    \"maxSds\",max_sds, \"scale.maxSds\",scale.max_sds, \"scale.factor.thr\",scale.factor.thr, sep =  \"_\")\n",
    "\n",
    "res.folder  = file.path(res.dir,res.folder)\n",
    "if (!file.exists(res.folder)){dir.create(file.path(res.folder),recursive = T)}"
   ]
  },
  {
   "cell_type": "code",
   "execution_count": 6,
   "metadata": {},
   "outputs": [
    {
     "data": {
      "text/html": [
       "'../Data/RNA/Simulation-PBMC//sc-Stephenson_all.W_decon.L1_HEF.10k_k_5_m_600_n_100_dirichlet_F_noiseZ_T_varThr_1e-04_filThr_1e-04_expQtl_0_enrich_F_etpRat_0_enrichRat_0_maxSds_2_scale.maxSds_Inf_scale.factor.thr_1e-04'"
      ],
      "text/latex": [
       "'../Data/RNA/Simulation-PBMC//sc-Stephenson\\_all.W\\_decon.L1\\_HEF.10k\\_k\\_5\\_m\\_600\\_n\\_100\\_dirichlet\\_F\\_noiseZ\\_T\\_varThr\\_1e-04\\_filThr\\_1e-04\\_expQtl\\_0\\_enrich\\_F\\_etpRat\\_0\\_enrichRat\\_0\\_maxSds\\_2\\_scale.maxSds\\_Inf\\_scale.factor.thr\\_1e-04'"
      ],
      "text/markdown": [
       "'../Data/RNA/Simulation-PBMC//sc-Stephenson_all.W_decon.L1_HEF.10k_k_5_m_600_n_100_dirichlet_F_noiseZ_T_varThr_1e-04_filThr_1e-04_expQtl_0_enrich_F_etpRat_0_enrichRat_0_maxSds_2_scale.maxSds_Inf_scale.factor.thr_1e-04'"
      ],
      "text/plain": [
       "[1] \"../Data/RNA/Simulation-PBMC//sc-Stephenson_all.W_decon.L1_HEF.10k_k_5_m_600_n_100_dirichlet_F_noiseZ_T_varThr_1e-04_filThr_1e-04_expQtl_0_enrich_F_etpRat_0_enrichRat_0_maxSds_2_scale.maxSds_Inf_scale.factor.thr_1e-04\""
      ]
     },
     "metadata": {},
     "output_type": "display_data"
    }
   ],
   "source": [
    "res.folder"
   ]
  },
  {
   "cell_type": "markdown",
   "metadata": {},
   "source": [
    "# Load Data"
   ]
  },
  {
   "cell_type": "code",
   "execution_count": 7,
   "metadata": {},
   "outputs": [],
   "source": [
    "pbmc.pb = readRDS(file.path(res.dir, \n",
    "                            paste0(\"pbmc.pseudobulk.\",\n",
    "                                    source.col, \".\",\n",
    "                                    if (partial.W) \"partial.W.\" else \"all.W.\",\n",
    "                                    \"rds\")))\n",
    "Z.src = pbmc.pb$Z\n",
    "W.src = pbmc.pb$W"
   ]
  },
  {
   "cell_type": "code",
   "execution_count": 8,
   "metadata": {},
   "outputs": [
    {
     "data": {
      "text/html": [
       "2018"
      ],
      "text/latex": [
       "2018"
      ],
      "text/markdown": [
       "2018"
      ],
      "text/plain": [
       "[1] 2018"
      ]
     },
     "metadata": {},
     "output_type": "display_data"
    }
   ],
   "source": [
    "length(intersect(pbmc.pb$HEF, pbmc.pb$HVF))"
   ]
  },
  {
   "cell_type": "code",
   "execution_count": 9,
   "metadata": {
    "scrolled": true
   },
   "outputs": [
    {
     "data": {
      "text/html": [
       "<style>\n",
       ".dl-inline {width: auto; margin:0; padding: 0}\n",
       ".dl-inline>dt, .dl-inline>dd {float: none; width: auto; display: inline-block}\n",
       ".dl-inline>dt::after {content: \":\\0020\"; padding-right: .5ex}\n",
       ".dl-inline>dt:not(:first-of-type) {padding-left: .5ex}\n",
       "</style><dl class=dl-inline><dt>IGHG1</dt><dd>53.9117212847766</dd><dt>IGHA1</dt><dd>86.1070896949285</dd><dt>IGKV3-20</dt><dd>205.493634314128</dd><dt>IGKC</dt><dd>128.674819746487</dd><dt>IGHM</dt><dd>114.560120862752</dd><dt>IGLC2</dt><dd>47.8524202915098</dd></dl>\n"
      ],
      "text/latex": [
       "\\begin{description*}\n",
       "\\item[IGHG1] 53.9117212847766\n",
       "\\item[IGHA1] 86.1070896949285\n",
       "\\item[IGKV3-20] 205.493634314128\n",
       "\\item[IGKC] 128.674819746487\n",
       "\\item[IGHM] 114.560120862752\n",
       "\\item[IGLC2] 47.8524202915098\n",
       "\\end{description*}\n"
      ],
      "text/markdown": [
       "IGHG1\n",
       ":   53.9117212847766IGHA1\n",
       ":   86.1070896949285IGKV3-20\n",
       ":   205.493634314128IGKC\n",
       ":   128.674819746487IGHM\n",
       ":   114.560120862752IGLC2\n",
       ":   47.8524202915098\n",
       "\n"
      ],
      "text/plain": [
       "    IGHG1     IGHA1  IGKV3-20      IGKC      IGHM     IGLC2 \n",
       " 53.91172  86.10709 205.49363 128.67482 114.56012  47.85242 "
      ]
     },
     "metadata": {},
     "output_type": "display_data"
    }
   ],
   "source": [
    "rowMeans(pbmc.pb$params$mus[head(pbmc.pb$HVF),])"
   ]
  },
  {
   "cell_type": "code",
   "execution_count": 10,
   "metadata": {},
   "outputs": [
    {
     "data": {
      "text/html": [
       "<style>\n",
       ".dl-inline {width: auto; margin:0; padding: 0}\n",
       ".dl-inline>dt, .dl-inline>dd {float: none; width: auto; display: inline-block}\n",
       ".dl-inline>dt::after {content: \":\\0020\"; padding-right: .5ex}\n",
       ".dl-inline>dt:not(:first-of-type) {padding-left: .5ex}\n",
       "</style><dl class=dl-inline><dt>MALAT1</dt><dd>13834.6621407161</dd><dt>AB-ITGA2B</dt><dd>13557.2955710869</dd><dt>AB-podoplanin</dt><dd>9062.60723336995</dd><dt>AB-CD45RA</dt><dd>9122.97093807827</dd><dt>B2M</dt><dd>9445.34728311995</dd><dt>AB-SDC1</dt><dd>8981.68830235293</dd></dl>\n"
      ],
      "text/latex": [
       "\\begin{description*}\n",
       "\\item[MALAT1] 13834.6621407161\n",
       "\\item[AB-ITGA2B] 13557.2955710869\n",
       "\\item[AB-podoplanin] 9062.60723336995\n",
       "\\item[AB-CD45RA] 9122.97093807827\n",
       "\\item[B2M] 9445.34728311995\n",
       "\\item[AB-SDC1] 8981.68830235293\n",
       "\\end{description*}\n"
      ],
      "text/markdown": [
       "MALAT1\n",
       ":   13834.6621407161AB-ITGA2B\n",
       ":   13557.2955710869AB-podoplanin\n",
       ":   9062.60723336995AB-CD45RA\n",
       ":   9122.97093807827B2M\n",
       ":   9445.34728311995AB-SDC1\n",
       ":   8981.68830235293\n",
       "\n"
      ],
      "text/plain": [
       "       MALAT1     AB-ITGA2B AB-podoplanin     AB-CD45RA           B2M \n",
       "    13834.662     13557.296      9062.607      9122.971      9445.347 \n",
       "      AB-SDC1 \n",
       "     8981.688 "
      ]
     },
     "metadata": {},
     "output_type": "display_data"
    }
   ],
   "source": [
    "rowMeans(pbmc.pb$params$mus[head(pbmc.pb$HEF),])"
   ]
  },
  {
   "cell_type": "code",
   "execution_count": 11,
   "metadata": {
    "scrolled": true
   },
   "outputs": [
    {
     "data": {
      "text/html": [
       "<table class=\"dataframe\">\n",
       "<caption>A matrix: 118 × 5 of type dbl</caption>\n",
       "<thead>\n",
       "\t<tr><th></th><th scope=col>CD8</th><th scope=col>CD4</th><th scope=col>Mono</th><th scope=col>B</th><th scope=col>NK</th></tr>\n",
       "</thead>\n",
       "<tbody>\n",
       "\t<tr><th scope=row>MH9179824</th><td>0.13006897</td><td>0.34496552</td><td>0.26606897</td><td>0.1342068966</td><td>0.12468966</td></tr>\n",
       "\t<tr><th scope=row>newcastle65</th><td>0.25872300</td><td>0.49133634</td><td>0.07548066</td><td>0.0291953477</td><td>0.14526466</td></tr>\n",
       "\t<tr><th scope=row>MH9143327</th><td>0.11556498</td><td>0.06833408</td><td>0.43501563</td><td>0.0576150067</td><td>0.32347030</td></tr>\n",
       "\t<tr><th scope=row>MH9143326</th><td>0.10199488</td><td>0.05370844</td><td>0.67601023</td><td>0.0002046036</td><td>0.16808184</td></tr>\n",
       "\t<tr><th scope=row>MH9143325</th><td>0.13439898</td><td>0.13273657</td><td>0.26700767</td><td>0.1448849105</td><td>0.32097187</td></tr>\n",
       "\t<tr><th scope=row>MH9143320</th><td>0.05329670</td><td>0.05970696</td><td>0.21593407</td><td>0.1424908425</td><td>0.52857143</td></tr>\n",
       "\t<tr><th scope=row>MH9143276</th><td>0.17005961</td><td>0.28646946</td><td>0.34349342</td><td>0.0678213924</td><td>0.13215611</td></tr>\n",
       "\t<tr><th scope=row>MH9143274</th><td>0.17603834</td><td>0.47156550</td><td>0.26805112</td><td>0.0250798722</td><td>0.05926518</td></tr>\n",
       "\t<tr><th scope=row>MH8919226</th><td>0.00000000</td><td>0.00000000</td><td>0.44941176</td><td>0.1364705882</td><td>0.41411765</td></tr>\n",
       "\t<tr><th scope=row>MH9179821</th><td>0.07603041</td><td>0.42577031</td><td>0.07843137</td><td>0.0754301721</td><td>0.34433774</td></tr>\n",
       "\t<tr><th scope=row>MH9179823</th><td>0.32616339</td><td>0.20765253</td><td>0.16690796</td><td>0.1555325750</td><td>0.14374354</td></tr>\n",
       "\t<tr><th scope=row>MH8919327</th><td>0.29974562</td><td>0.07928208</td><td>0.21862634</td><td>0.0696721311</td><td>0.33267383</td></tr>\n",
       "\t<tr><th scope=row>newcastle20</th><td>0.18536009</td><td>0.35301063</td><td>0.22983078</td><td>0.1180637544</td><td>0.11373475</td></tr>\n",
       "\t<tr><th scope=row>MH9143370</th><td>0.41683502</td><td>0.21818182</td><td>0.00000000</td><td>0.0215488215</td><td>0.34343434</td></tr>\n",
       "\t<tr><th scope=row>MH8919331</th><td>0.18517953</td><td>0.32528648</td><td>0.17555386</td><td>0.0786860199</td><td>0.23529412</td></tr>\n",
       "\t<tr><th scope=row>MH9143420</th><td>0.07030779</td><td>0.43497284</td><td>0.22374774</td><td>0.1744115872</td><td>0.09656005</td></tr>\n",
       "\t<tr><th scope=row>MH9143373</th><td>0.20970043</td><td>0.32239658</td><td>0.00000000</td><td>0.1091298146</td><td>0.35877318</td></tr>\n",
       "\t<tr><th scope=row>MH9143372</th><td>0.25573876</td><td>0.46653734</td><td>0.00000000</td><td>0.0708050436</td><td>0.20691885</td></tr>\n",
       "\t<tr><th scope=row>MH9143371</th><td>0.15661353</td><td>0.03123654</td><td>0.59564843</td><td>0.0495476088</td><td>0.16695390</td></tr>\n",
       "\t<tr><th scope=row>MH9143323</th><td>0.26475038</td><td>0.09329299</td><td>0.28290469</td><td>0.1105648008</td><td>0.24848714</td></tr>\n",
       "\t<tr><th scope=row>MH9143277</th><td>0.12515103</td><td>0.14136126</td><td>0.34967781</td><td>0.3346757954</td><td>0.04913411</td></tr>\n",
       "\t<tr><th scope=row>MH9143270</th><td>0.09905325</td><td>0.23964497</td><td>0.54579882</td><td>0.0308875740</td><td>0.08461538</td></tr>\n",
       "\t<tr><th scope=row>MH8919333</th><td>0.12814042</td><td>0.25846048</td><td>0.26970288</td><td>0.1443157049</td><td>0.19938052</td></tr>\n",
       "\t<tr><th scope=row>MH8919332</th><td>0.26581576</td><td>0.31548280</td><td>0.21920089</td><td>0.0251109878</td><td>0.17438957</td></tr>\n",
       "\t<tr><th scope=row>MH9179828</th><td>0.35300391</td><td>0.21649485</td><td>0.00000000</td><td>0.2353359403</td><td>0.19516530</td></tr>\n",
       "\t<tr><th scope=row>newcastle21</th><td>0.16039141</td><td>0.35035099</td><td>0.11210381</td><td>0.0293554563</td><td>0.34779834</td></tr>\n",
       "\t<tr><th scope=row>MH8919227</th><td>0.00000000</td><td>0.00000000</td><td>0.29948718</td><td>0.1887179487</td><td>0.51179487</td></tr>\n",
       "\t<tr><th scope=row>MH8919326</th><td>0.07693548</td><td>0.18725806</td><td>0.43161290</td><td>0.0953225806</td><td>0.20887097</td></tr>\n",
       "\t<tr><th scope=row>newcastle59</th><td>0.16865285</td><td>0.06476684</td><td>0.57227979</td><td>0.0303108808</td><td>0.16398964</td></tr>\n",
       "\t<tr><th scope=row>MH9143422</th><td>0.24358194</td><td>0.14308310</td><td>0.26426573</td><td>0.1143691447</td><td>0.23470009</td></tr>\n",
       "\t<tr><th scope=row>⋮</th><td>⋮</td><td>⋮</td><td>⋮</td><td>⋮</td><td>⋮</td></tr>\n",
       "\t<tr><th scope=row>BGCV05_CV0120</th><td>0.15728900</td><td>0.54092072</td><td>0.072890026</td><td>0.04539642</td><td>0.183503836</td></tr>\n",
       "\t<tr><th scope=row>BGCV05_CV0284</th><td>0.14550642</td><td>0.30813124</td><td>0.074179743</td><td>0.35092725</td><td>0.121255350</td></tr>\n",
       "\t<tr><th scope=row>BGCV06_CV0037</th><td>0.21081349</td><td>0.52876984</td><td>0.020337302</td><td>0.16567460</td><td>0.074404762</td></tr>\n",
       "\t<tr><th scope=row>BGCV06_CV0201</th><td>0.01399689</td><td>0.06687403</td><td>0.013996890</td><td>0.56765163</td><td>0.337480560</td></tr>\n",
       "\t<tr><th scope=row>BGCV06_CV0234</th><td>0.22780127</td><td>0.32188161</td><td>0.027484144</td><td>0.22885835</td><td>0.193974630</td></tr>\n",
       "\t<tr><th scope=row>BGCV06_CV0178</th><td>0.03626374</td><td>0.36703297</td><td>0.013186813</td><td>0.38681319</td><td>0.196703297</td></tr>\n",
       "\t<tr><th scope=row>BGCV07_CV0137</th><td>0.12809917</td><td>0.53305785</td><td>0.014876033</td><td>0.17272727</td><td>0.151239669</td></tr>\n",
       "\t<tr><th scope=row>BGCV07_CV0094</th><td>0.26722588</td><td>0.13361294</td><td>0.133612942</td><td>0.29239065</td><td>0.173157579</td></tr>\n",
       "\t<tr><th scope=row>BGCV07_CV0104</th><td>0.19734345</td><td>0.41555977</td><td>0.048387097</td><td>0.06356736</td><td>0.275142315</td></tr>\n",
       "\t<tr><th scope=row>BGCV07_CV0134</th><td>0.05828780</td><td>0.57650273</td><td>0.010018215</td><td>0.28324226</td><td>0.071948998</td></tr>\n",
       "\t<tr><th scope=row>BGCV08_CV0155</th><td>0.13859569</td><td>0.59063791</td><td>0.044056907</td><td>0.13630106</td><td>0.090408444</td></tr>\n",
       "\t<tr><th scope=row>BGCV08_CV0915</th><td>0.07697007</td><td>0.63286500</td><td>0.050702505</td><td>0.09163103</td><td>0.147831399</td></tr>\n",
       "\t<tr><th scope=row>BGCV08_CV0073</th><td>0.05616046</td><td>0.57020057</td><td>0.024068768</td><td>0.27220630</td><td>0.077363897</td></tr>\n",
       "\t<tr><th scope=row>BGCV09_CV0279</th><td>0.13581354</td><td>0.53697893</td><td>0.035410130</td><td>0.14791573</td><td>0.143881667</td></tr>\n",
       "\t<tr><th scope=row>BGCV09_CV0171</th><td>0.17036216</td><td>0.41648189</td><td>0.038802661</td><td>0.19512195</td><td>0.179231338</td></tr>\n",
       "\t<tr><th scope=row>BGCV09_CV0917</th><td>0.14074682</td><td>0.61058679</td><td>0.096430037</td><td>0.06360279</td><td>0.088633566</td></tr>\n",
       "\t<tr><th scope=row>BGCV09_CV0062</th><td>0.24490950</td><td>0.47907240</td><td>0.024886878</td><td>0.11595023</td><td>0.135180995</td></tr>\n",
       "\t<tr><th scope=row>BGCV10_CV0160</th><td>0.04883721</td><td>0.60232558</td><td>0.011627907</td><td>0.21085271</td><td>0.126356589</td></tr>\n",
       "\t<tr><th scope=row>BGCV10_CV0939</th><td>0.14123007</td><td>0.54138193</td><td>0.063022020</td><td>0.10022779</td><td>0.154138193</td></tr>\n",
       "\t<tr><th scope=row>BGCV10_CV0231</th><td>0.17431193</td><td>0.45382263</td><td>0.011009174</td><td>0.13455657</td><td>0.226299694</td></tr>\n",
       "\t<tr><th scope=row>BGCV10_CV0198</th><td>0.00000000</td><td>0.00000000</td><td>0.002734731</td><td>0.99270738</td><td>0.004557885</td></tr>\n",
       "\t<tr><th scope=row>BGCV11_CV0050</th><td>0.25400458</td><td>0.47139588</td><td>0.034324943</td><td>0.13958810</td><td>0.100686499</td></tr>\n",
       "\t<tr><th scope=row>BGCV11_CV0257</th><td>0.25367834</td><td>0.31253171</td><td>0.009132420</td><td>0.23236936</td><td>0.192288179</td></tr>\n",
       "\t<tr><th scope=row>BGCV11_CV0058</th><td>0.27062229</td><td>0.53473227</td><td>0.002894356</td><td>0.10636758</td><td>0.085383502</td></tr>\n",
       "\t<tr><th scope=row>BGCV11_CV0180</th><td>0.03553922</td><td>0.67892157</td><td>0.083333333</td><td>0.11151961</td><td>0.090686275</td></tr>\n",
       "\t<tr><th scope=row>BGCV12_CV0926</th><td>0.06003752</td><td>0.64915572</td><td>0.050656660</td><td>0.06754221</td><td>0.172607880</td></tr>\n",
       "\t<tr><th scope=row>BGCV13_CV0934</th><td>0.27155490</td><td>0.50810612</td><td>0.041267502</td><td>0.09837878</td><td>0.080692704</td></tr>\n",
       "\t<tr><th scope=row>BGCV13_CV0326</th><td>0.06435644</td><td>0.12046205</td><td>0.009900990</td><td>0.39768977</td><td>0.407590759</td></tr>\n",
       "\t<tr><th scope=row>BGCV14_CV0940</th><td>0.44149832</td><td>0.29840067</td><td>0.087962963</td><td>0.05976431</td><td>0.112373737</td></tr>\n",
       "\t<tr><th scope=row>BGCV15_CV0944</th><td>0.17223650</td><td>0.35732648</td><td>0.023136247</td><td>0.13110540</td><td>0.316195373</td></tr>\n",
       "</tbody>\n",
       "</table>\n"
      ],
      "text/latex": [
       "A matrix: 118 × 5 of type dbl\n",
       "\\begin{tabular}{r|lllll}\n",
       "  & CD8 & CD4 & Mono & B & NK\\\\\n",
       "\\hline\n",
       "\tMH9179824 & 0.13006897 & 0.34496552 & 0.26606897 & 0.1342068966 & 0.12468966\\\\\n",
       "\tnewcastle65 & 0.25872300 & 0.49133634 & 0.07548066 & 0.0291953477 & 0.14526466\\\\\n",
       "\tMH9143327 & 0.11556498 & 0.06833408 & 0.43501563 & 0.0576150067 & 0.32347030\\\\\n",
       "\tMH9143326 & 0.10199488 & 0.05370844 & 0.67601023 & 0.0002046036 & 0.16808184\\\\\n",
       "\tMH9143325 & 0.13439898 & 0.13273657 & 0.26700767 & 0.1448849105 & 0.32097187\\\\\n",
       "\tMH9143320 & 0.05329670 & 0.05970696 & 0.21593407 & 0.1424908425 & 0.52857143\\\\\n",
       "\tMH9143276 & 0.17005961 & 0.28646946 & 0.34349342 & 0.0678213924 & 0.13215611\\\\\n",
       "\tMH9143274 & 0.17603834 & 0.47156550 & 0.26805112 & 0.0250798722 & 0.05926518\\\\\n",
       "\tMH8919226 & 0.00000000 & 0.00000000 & 0.44941176 & 0.1364705882 & 0.41411765\\\\\n",
       "\tMH9179821 & 0.07603041 & 0.42577031 & 0.07843137 & 0.0754301721 & 0.34433774\\\\\n",
       "\tMH9179823 & 0.32616339 & 0.20765253 & 0.16690796 & 0.1555325750 & 0.14374354\\\\\n",
       "\tMH8919327 & 0.29974562 & 0.07928208 & 0.21862634 & 0.0696721311 & 0.33267383\\\\\n",
       "\tnewcastle20 & 0.18536009 & 0.35301063 & 0.22983078 & 0.1180637544 & 0.11373475\\\\\n",
       "\tMH9143370 & 0.41683502 & 0.21818182 & 0.00000000 & 0.0215488215 & 0.34343434\\\\\n",
       "\tMH8919331 & 0.18517953 & 0.32528648 & 0.17555386 & 0.0786860199 & 0.23529412\\\\\n",
       "\tMH9143420 & 0.07030779 & 0.43497284 & 0.22374774 & 0.1744115872 & 0.09656005\\\\\n",
       "\tMH9143373 & 0.20970043 & 0.32239658 & 0.00000000 & 0.1091298146 & 0.35877318\\\\\n",
       "\tMH9143372 & 0.25573876 & 0.46653734 & 0.00000000 & 0.0708050436 & 0.20691885\\\\\n",
       "\tMH9143371 & 0.15661353 & 0.03123654 & 0.59564843 & 0.0495476088 & 0.16695390\\\\\n",
       "\tMH9143323 & 0.26475038 & 0.09329299 & 0.28290469 & 0.1105648008 & 0.24848714\\\\\n",
       "\tMH9143277 & 0.12515103 & 0.14136126 & 0.34967781 & 0.3346757954 & 0.04913411\\\\\n",
       "\tMH9143270 & 0.09905325 & 0.23964497 & 0.54579882 & 0.0308875740 & 0.08461538\\\\\n",
       "\tMH8919333 & 0.12814042 & 0.25846048 & 0.26970288 & 0.1443157049 & 0.19938052\\\\\n",
       "\tMH8919332 & 0.26581576 & 0.31548280 & 0.21920089 & 0.0251109878 & 0.17438957\\\\\n",
       "\tMH9179828 & 0.35300391 & 0.21649485 & 0.00000000 & 0.2353359403 & 0.19516530\\\\\n",
       "\tnewcastle21 & 0.16039141 & 0.35035099 & 0.11210381 & 0.0293554563 & 0.34779834\\\\\n",
       "\tMH8919227 & 0.00000000 & 0.00000000 & 0.29948718 & 0.1887179487 & 0.51179487\\\\\n",
       "\tMH8919326 & 0.07693548 & 0.18725806 & 0.43161290 & 0.0953225806 & 0.20887097\\\\\n",
       "\tnewcastle59 & 0.16865285 & 0.06476684 & 0.57227979 & 0.0303108808 & 0.16398964\\\\\n",
       "\tMH9143422 & 0.24358194 & 0.14308310 & 0.26426573 & 0.1143691447 & 0.23470009\\\\\n",
       "\t⋮ & ⋮ & ⋮ & ⋮ & ⋮ & ⋮\\\\\n",
       "\tBGCV05\\_CV0120 & 0.15728900 & 0.54092072 & 0.072890026 & 0.04539642 & 0.183503836\\\\\n",
       "\tBGCV05\\_CV0284 & 0.14550642 & 0.30813124 & 0.074179743 & 0.35092725 & 0.121255350\\\\\n",
       "\tBGCV06\\_CV0037 & 0.21081349 & 0.52876984 & 0.020337302 & 0.16567460 & 0.074404762\\\\\n",
       "\tBGCV06\\_CV0201 & 0.01399689 & 0.06687403 & 0.013996890 & 0.56765163 & 0.337480560\\\\\n",
       "\tBGCV06\\_CV0234 & 0.22780127 & 0.32188161 & 0.027484144 & 0.22885835 & 0.193974630\\\\\n",
       "\tBGCV06\\_CV0178 & 0.03626374 & 0.36703297 & 0.013186813 & 0.38681319 & 0.196703297\\\\\n",
       "\tBGCV07\\_CV0137 & 0.12809917 & 0.53305785 & 0.014876033 & 0.17272727 & 0.151239669\\\\\n",
       "\tBGCV07\\_CV0094 & 0.26722588 & 0.13361294 & 0.133612942 & 0.29239065 & 0.173157579\\\\\n",
       "\tBGCV07\\_CV0104 & 0.19734345 & 0.41555977 & 0.048387097 & 0.06356736 & 0.275142315\\\\\n",
       "\tBGCV07\\_CV0134 & 0.05828780 & 0.57650273 & 0.010018215 & 0.28324226 & 0.071948998\\\\\n",
       "\tBGCV08\\_CV0155 & 0.13859569 & 0.59063791 & 0.044056907 & 0.13630106 & 0.090408444\\\\\n",
       "\tBGCV08\\_CV0915 & 0.07697007 & 0.63286500 & 0.050702505 & 0.09163103 & 0.147831399\\\\\n",
       "\tBGCV08\\_CV0073 & 0.05616046 & 0.57020057 & 0.024068768 & 0.27220630 & 0.077363897\\\\\n",
       "\tBGCV09\\_CV0279 & 0.13581354 & 0.53697893 & 0.035410130 & 0.14791573 & 0.143881667\\\\\n",
       "\tBGCV09\\_CV0171 & 0.17036216 & 0.41648189 & 0.038802661 & 0.19512195 & 0.179231338\\\\\n",
       "\tBGCV09\\_CV0917 & 0.14074682 & 0.61058679 & 0.096430037 & 0.06360279 & 0.088633566\\\\\n",
       "\tBGCV09\\_CV0062 & 0.24490950 & 0.47907240 & 0.024886878 & 0.11595023 & 0.135180995\\\\\n",
       "\tBGCV10\\_CV0160 & 0.04883721 & 0.60232558 & 0.011627907 & 0.21085271 & 0.126356589\\\\\n",
       "\tBGCV10\\_CV0939 & 0.14123007 & 0.54138193 & 0.063022020 & 0.10022779 & 0.154138193\\\\\n",
       "\tBGCV10\\_CV0231 & 0.17431193 & 0.45382263 & 0.011009174 & 0.13455657 & 0.226299694\\\\\n",
       "\tBGCV10\\_CV0198 & 0.00000000 & 0.00000000 & 0.002734731 & 0.99270738 & 0.004557885\\\\\n",
       "\tBGCV11\\_CV0050 & 0.25400458 & 0.47139588 & 0.034324943 & 0.13958810 & 0.100686499\\\\\n",
       "\tBGCV11\\_CV0257 & 0.25367834 & 0.31253171 & 0.009132420 & 0.23236936 & 0.192288179\\\\\n",
       "\tBGCV11\\_CV0058 & 0.27062229 & 0.53473227 & 0.002894356 & 0.10636758 & 0.085383502\\\\\n",
       "\tBGCV11\\_CV0180 & 0.03553922 & 0.67892157 & 0.083333333 & 0.11151961 & 0.090686275\\\\\n",
       "\tBGCV12\\_CV0926 & 0.06003752 & 0.64915572 & 0.050656660 & 0.06754221 & 0.172607880\\\\\n",
       "\tBGCV13\\_CV0934 & 0.27155490 & 0.50810612 & 0.041267502 & 0.09837878 & 0.080692704\\\\\n",
       "\tBGCV13\\_CV0326 & 0.06435644 & 0.12046205 & 0.009900990 & 0.39768977 & 0.407590759\\\\\n",
       "\tBGCV14\\_CV0940 & 0.44149832 & 0.29840067 & 0.087962963 & 0.05976431 & 0.112373737\\\\\n",
       "\tBGCV15\\_CV0944 & 0.17223650 & 0.35732648 & 0.023136247 & 0.13110540 & 0.316195373\\\\\n",
       "\\end{tabular}\n"
      ],
      "text/markdown": [
       "\n",
       "A matrix: 118 × 5 of type dbl\n",
       "\n",
       "| <!--/--> | CD8 | CD4 | Mono | B | NK |\n",
       "|---|---|---|---|---|---|\n",
       "| MH9179824 | 0.13006897 | 0.34496552 | 0.26606897 | 0.1342068966 | 0.12468966 |\n",
       "| newcastle65 | 0.25872300 | 0.49133634 | 0.07548066 | 0.0291953477 | 0.14526466 |\n",
       "| MH9143327 | 0.11556498 | 0.06833408 | 0.43501563 | 0.0576150067 | 0.32347030 |\n",
       "| MH9143326 | 0.10199488 | 0.05370844 | 0.67601023 | 0.0002046036 | 0.16808184 |\n",
       "| MH9143325 | 0.13439898 | 0.13273657 | 0.26700767 | 0.1448849105 | 0.32097187 |\n",
       "| MH9143320 | 0.05329670 | 0.05970696 | 0.21593407 | 0.1424908425 | 0.52857143 |\n",
       "| MH9143276 | 0.17005961 | 0.28646946 | 0.34349342 | 0.0678213924 | 0.13215611 |\n",
       "| MH9143274 | 0.17603834 | 0.47156550 | 0.26805112 | 0.0250798722 | 0.05926518 |\n",
       "| MH8919226 | 0.00000000 | 0.00000000 | 0.44941176 | 0.1364705882 | 0.41411765 |\n",
       "| MH9179821 | 0.07603041 | 0.42577031 | 0.07843137 | 0.0754301721 | 0.34433774 |\n",
       "| MH9179823 | 0.32616339 | 0.20765253 | 0.16690796 | 0.1555325750 | 0.14374354 |\n",
       "| MH8919327 | 0.29974562 | 0.07928208 | 0.21862634 | 0.0696721311 | 0.33267383 |\n",
       "| newcastle20 | 0.18536009 | 0.35301063 | 0.22983078 | 0.1180637544 | 0.11373475 |\n",
       "| MH9143370 | 0.41683502 | 0.21818182 | 0.00000000 | 0.0215488215 | 0.34343434 |\n",
       "| MH8919331 | 0.18517953 | 0.32528648 | 0.17555386 | 0.0786860199 | 0.23529412 |\n",
       "| MH9143420 | 0.07030779 | 0.43497284 | 0.22374774 | 0.1744115872 | 0.09656005 |\n",
       "| MH9143373 | 0.20970043 | 0.32239658 | 0.00000000 | 0.1091298146 | 0.35877318 |\n",
       "| MH9143372 | 0.25573876 | 0.46653734 | 0.00000000 | 0.0708050436 | 0.20691885 |\n",
       "| MH9143371 | 0.15661353 | 0.03123654 | 0.59564843 | 0.0495476088 | 0.16695390 |\n",
       "| MH9143323 | 0.26475038 | 0.09329299 | 0.28290469 | 0.1105648008 | 0.24848714 |\n",
       "| MH9143277 | 0.12515103 | 0.14136126 | 0.34967781 | 0.3346757954 | 0.04913411 |\n",
       "| MH9143270 | 0.09905325 | 0.23964497 | 0.54579882 | 0.0308875740 | 0.08461538 |\n",
       "| MH8919333 | 0.12814042 | 0.25846048 | 0.26970288 | 0.1443157049 | 0.19938052 |\n",
       "| MH8919332 | 0.26581576 | 0.31548280 | 0.21920089 | 0.0251109878 | 0.17438957 |\n",
       "| MH9179828 | 0.35300391 | 0.21649485 | 0.00000000 | 0.2353359403 | 0.19516530 |\n",
       "| newcastle21 | 0.16039141 | 0.35035099 | 0.11210381 | 0.0293554563 | 0.34779834 |\n",
       "| MH8919227 | 0.00000000 | 0.00000000 | 0.29948718 | 0.1887179487 | 0.51179487 |\n",
       "| MH8919326 | 0.07693548 | 0.18725806 | 0.43161290 | 0.0953225806 | 0.20887097 |\n",
       "| newcastle59 | 0.16865285 | 0.06476684 | 0.57227979 | 0.0303108808 | 0.16398964 |\n",
       "| MH9143422 | 0.24358194 | 0.14308310 | 0.26426573 | 0.1143691447 | 0.23470009 |\n",
       "| ⋮ | ⋮ | ⋮ | ⋮ | ⋮ | ⋮ |\n",
       "| BGCV05_CV0120 | 0.15728900 | 0.54092072 | 0.072890026 | 0.04539642 | 0.183503836 |\n",
       "| BGCV05_CV0284 | 0.14550642 | 0.30813124 | 0.074179743 | 0.35092725 | 0.121255350 |\n",
       "| BGCV06_CV0037 | 0.21081349 | 0.52876984 | 0.020337302 | 0.16567460 | 0.074404762 |\n",
       "| BGCV06_CV0201 | 0.01399689 | 0.06687403 | 0.013996890 | 0.56765163 | 0.337480560 |\n",
       "| BGCV06_CV0234 | 0.22780127 | 0.32188161 | 0.027484144 | 0.22885835 | 0.193974630 |\n",
       "| BGCV06_CV0178 | 0.03626374 | 0.36703297 | 0.013186813 | 0.38681319 | 0.196703297 |\n",
       "| BGCV07_CV0137 | 0.12809917 | 0.53305785 | 0.014876033 | 0.17272727 | 0.151239669 |\n",
       "| BGCV07_CV0094 | 0.26722588 | 0.13361294 | 0.133612942 | 0.29239065 | 0.173157579 |\n",
       "| BGCV07_CV0104 | 0.19734345 | 0.41555977 | 0.048387097 | 0.06356736 | 0.275142315 |\n",
       "| BGCV07_CV0134 | 0.05828780 | 0.57650273 | 0.010018215 | 0.28324226 | 0.071948998 |\n",
       "| BGCV08_CV0155 | 0.13859569 | 0.59063791 | 0.044056907 | 0.13630106 | 0.090408444 |\n",
       "| BGCV08_CV0915 | 0.07697007 | 0.63286500 | 0.050702505 | 0.09163103 | 0.147831399 |\n",
       "| BGCV08_CV0073 | 0.05616046 | 0.57020057 | 0.024068768 | 0.27220630 | 0.077363897 |\n",
       "| BGCV09_CV0279 | 0.13581354 | 0.53697893 | 0.035410130 | 0.14791573 | 0.143881667 |\n",
       "| BGCV09_CV0171 | 0.17036216 | 0.41648189 | 0.038802661 | 0.19512195 | 0.179231338 |\n",
       "| BGCV09_CV0917 | 0.14074682 | 0.61058679 | 0.096430037 | 0.06360279 | 0.088633566 |\n",
       "| BGCV09_CV0062 | 0.24490950 | 0.47907240 | 0.024886878 | 0.11595023 | 0.135180995 |\n",
       "| BGCV10_CV0160 | 0.04883721 | 0.60232558 | 0.011627907 | 0.21085271 | 0.126356589 |\n",
       "| BGCV10_CV0939 | 0.14123007 | 0.54138193 | 0.063022020 | 0.10022779 | 0.154138193 |\n",
       "| BGCV10_CV0231 | 0.17431193 | 0.45382263 | 0.011009174 | 0.13455657 | 0.226299694 |\n",
       "| BGCV10_CV0198 | 0.00000000 | 0.00000000 | 0.002734731 | 0.99270738 | 0.004557885 |\n",
       "| BGCV11_CV0050 | 0.25400458 | 0.47139588 | 0.034324943 | 0.13958810 | 0.100686499 |\n",
       "| BGCV11_CV0257 | 0.25367834 | 0.31253171 | 0.009132420 | 0.23236936 | 0.192288179 |\n",
       "| BGCV11_CV0058 | 0.27062229 | 0.53473227 | 0.002894356 | 0.10636758 | 0.085383502 |\n",
       "| BGCV11_CV0180 | 0.03553922 | 0.67892157 | 0.083333333 | 0.11151961 | 0.090686275 |\n",
       "| BGCV12_CV0926 | 0.06003752 | 0.64915572 | 0.050656660 | 0.06754221 | 0.172607880 |\n",
       "| BGCV13_CV0934 | 0.27155490 | 0.50810612 | 0.041267502 | 0.09837878 | 0.080692704 |\n",
       "| BGCV13_CV0326 | 0.06435644 | 0.12046205 | 0.009900990 | 0.39768977 | 0.407590759 |\n",
       "| BGCV14_CV0940 | 0.44149832 | 0.29840067 | 0.087962963 | 0.05976431 | 0.112373737 |\n",
       "| BGCV15_CV0944 | 0.17223650 | 0.35732648 | 0.023136247 | 0.13110540 | 0.316195373 |\n",
       "\n"
      ],
      "text/plain": [
       "              CD8        CD4        Mono        B            NK         \n",
       "MH9179824     0.13006897 0.34496552 0.26606897  0.1342068966 0.12468966 \n",
       "newcastle65   0.25872300 0.49133634 0.07548066  0.0291953477 0.14526466 \n",
       "MH9143327     0.11556498 0.06833408 0.43501563  0.0576150067 0.32347030 \n",
       "MH9143326     0.10199488 0.05370844 0.67601023  0.0002046036 0.16808184 \n",
       "MH9143325     0.13439898 0.13273657 0.26700767  0.1448849105 0.32097187 \n",
       "MH9143320     0.05329670 0.05970696 0.21593407  0.1424908425 0.52857143 \n",
       "MH9143276     0.17005961 0.28646946 0.34349342  0.0678213924 0.13215611 \n",
       "MH9143274     0.17603834 0.47156550 0.26805112  0.0250798722 0.05926518 \n",
       "MH8919226     0.00000000 0.00000000 0.44941176  0.1364705882 0.41411765 \n",
       "MH9179821     0.07603041 0.42577031 0.07843137  0.0754301721 0.34433774 \n",
       "MH9179823     0.32616339 0.20765253 0.16690796  0.1555325750 0.14374354 \n",
       "MH8919327     0.29974562 0.07928208 0.21862634  0.0696721311 0.33267383 \n",
       "newcastle20   0.18536009 0.35301063 0.22983078  0.1180637544 0.11373475 \n",
       "MH9143370     0.41683502 0.21818182 0.00000000  0.0215488215 0.34343434 \n",
       "MH8919331     0.18517953 0.32528648 0.17555386  0.0786860199 0.23529412 \n",
       "MH9143420     0.07030779 0.43497284 0.22374774  0.1744115872 0.09656005 \n",
       "MH9143373     0.20970043 0.32239658 0.00000000  0.1091298146 0.35877318 \n",
       "MH9143372     0.25573876 0.46653734 0.00000000  0.0708050436 0.20691885 \n",
       "MH9143371     0.15661353 0.03123654 0.59564843  0.0495476088 0.16695390 \n",
       "MH9143323     0.26475038 0.09329299 0.28290469  0.1105648008 0.24848714 \n",
       "MH9143277     0.12515103 0.14136126 0.34967781  0.3346757954 0.04913411 \n",
       "MH9143270     0.09905325 0.23964497 0.54579882  0.0308875740 0.08461538 \n",
       "MH8919333     0.12814042 0.25846048 0.26970288  0.1443157049 0.19938052 \n",
       "MH8919332     0.26581576 0.31548280 0.21920089  0.0251109878 0.17438957 \n",
       "MH9179828     0.35300391 0.21649485 0.00000000  0.2353359403 0.19516530 \n",
       "newcastle21   0.16039141 0.35035099 0.11210381  0.0293554563 0.34779834 \n",
       "MH8919227     0.00000000 0.00000000 0.29948718  0.1887179487 0.51179487 \n",
       "MH8919326     0.07693548 0.18725806 0.43161290  0.0953225806 0.20887097 \n",
       "newcastle59   0.16865285 0.06476684 0.57227979  0.0303108808 0.16398964 \n",
       "MH9143422     0.24358194 0.14308310 0.26426573  0.1143691447 0.23470009 \n",
       "⋮             ⋮          ⋮          ⋮           ⋮            ⋮          \n",
       "BGCV05_CV0120 0.15728900 0.54092072 0.072890026 0.04539642   0.183503836\n",
       "BGCV05_CV0284 0.14550642 0.30813124 0.074179743 0.35092725   0.121255350\n",
       "BGCV06_CV0037 0.21081349 0.52876984 0.020337302 0.16567460   0.074404762\n",
       "BGCV06_CV0201 0.01399689 0.06687403 0.013996890 0.56765163   0.337480560\n",
       "BGCV06_CV0234 0.22780127 0.32188161 0.027484144 0.22885835   0.193974630\n",
       "BGCV06_CV0178 0.03626374 0.36703297 0.013186813 0.38681319   0.196703297\n",
       "BGCV07_CV0137 0.12809917 0.53305785 0.014876033 0.17272727   0.151239669\n",
       "BGCV07_CV0094 0.26722588 0.13361294 0.133612942 0.29239065   0.173157579\n",
       "BGCV07_CV0104 0.19734345 0.41555977 0.048387097 0.06356736   0.275142315\n",
       "BGCV07_CV0134 0.05828780 0.57650273 0.010018215 0.28324226   0.071948998\n",
       "BGCV08_CV0155 0.13859569 0.59063791 0.044056907 0.13630106   0.090408444\n",
       "BGCV08_CV0915 0.07697007 0.63286500 0.050702505 0.09163103   0.147831399\n",
       "BGCV08_CV0073 0.05616046 0.57020057 0.024068768 0.27220630   0.077363897\n",
       "BGCV09_CV0279 0.13581354 0.53697893 0.035410130 0.14791573   0.143881667\n",
       "BGCV09_CV0171 0.17036216 0.41648189 0.038802661 0.19512195   0.179231338\n",
       "BGCV09_CV0917 0.14074682 0.61058679 0.096430037 0.06360279   0.088633566\n",
       "BGCV09_CV0062 0.24490950 0.47907240 0.024886878 0.11595023   0.135180995\n",
       "BGCV10_CV0160 0.04883721 0.60232558 0.011627907 0.21085271   0.126356589\n",
       "BGCV10_CV0939 0.14123007 0.54138193 0.063022020 0.10022779   0.154138193\n",
       "BGCV10_CV0231 0.17431193 0.45382263 0.011009174 0.13455657   0.226299694\n",
       "BGCV10_CV0198 0.00000000 0.00000000 0.002734731 0.99270738   0.004557885\n",
       "BGCV11_CV0050 0.25400458 0.47139588 0.034324943 0.13958810   0.100686499\n",
       "BGCV11_CV0257 0.25367834 0.31253171 0.009132420 0.23236936   0.192288179\n",
       "BGCV11_CV0058 0.27062229 0.53473227 0.002894356 0.10636758   0.085383502\n",
       "BGCV11_CV0180 0.03553922 0.67892157 0.083333333 0.11151961   0.090686275\n",
       "BGCV12_CV0926 0.06003752 0.64915572 0.050656660 0.06754221   0.172607880\n",
       "BGCV13_CV0934 0.27155490 0.50810612 0.041267502 0.09837878   0.080692704\n",
       "BGCV13_CV0326 0.06435644 0.12046205 0.009900990 0.39768977   0.407590759\n",
       "BGCV14_CV0940 0.44149832 0.29840067 0.087962963 0.05976431   0.112373737\n",
       "BGCV15_CV0944 0.17223650 0.35732648 0.023136247 0.13110540   0.316195373"
      ]
     },
     "metadata": {},
     "output_type": "display_data"
    }
   ],
   "source": [
    "W.src"
   ]
  },
  {
   "cell_type": "code",
   "execution_count": 12,
   "metadata": {},
   "outputs": [],
   "source": [
    "if (feature.set == \"HVF.10k\"){\n",
    "    Z.src = Z.src[,pbmc.pb$HVF,]\n",
    "}else{\n",
    "    Z.src = Z.src[,pbmc.pb$HEF,]\n",
    "}"
   ]
  },
  {
   "cell_type": "code",
   "execution_count": 13,
   "metadata": {},
   "outputs": [
    {
     "data": {
      "text/html": [
       "<style>\n",
       ".list-inline {list-style: none; margin:0; padding: 0}\n",
       ".list-inline>li {display: inline-block}\n",
       ".list-inline>li:not(:last-child)::after {content: \"\\00b7\"; padding: 0 .5ex}\n",
       "</style>\n",
       "<ol class=list-inline><li>'MALAT1'</li><li>'AB-ITGA2B'</li><li>'AB-podoplanin'</li><li>'AB-CD45RA'</li><li>'B2M'</li><li>'AB-SDC1'</li></ol>\n"
      ],
      "text/latex": [
       "\\begin{enumerate*}\n",
       "\\item 'MALAT1'\n",
       "\\item 'AB-ITGA2B'\n",
       "\\item 'AB-podoplanin'\n",
       "\\item 'AB-CD45RA'\n",
       "\\item 'B2M'\n",
       "\\item 'AB-SDC1'\n",
       "\\end{enumerate*}\n"
      ],
      "text/markdown": [
       "1. 'MALAT1'\n",
       "2. 'AB-ITGA2B'\n",
       "3. 'AB-podoplanin'\n",
       "4. 'AB-CD45RA'\n",
       "5. 'B2M'\n",
       "6. 'AB-SDC1'\n",
       "\n",
       "\n"
      ],
      "text/plain": [
       "[1] \"MALAT1\"        \"AB-ITGA2B\"     \"AB-podoplanin\" \"AB-CD45RA\"    \n",
       "[5] \"B2M\"           \"AB-SDC1\"      "
      ]
     },
     "metadata": {},
     "output_type": "display_data"
    }
   ],
   "source": [
    "head(dimnames(Z.src)[[2]])"
   ]
  },
  {
   "cell_type": "markdown",
   "metadata": {},
   "source": [
    "# Simulate Data"
   ]
  },
  {
   "cell_type": "code",
   "execution_count": 14,
   "metadata": {},
   "outputs": [
    {
     "name": "stdout",
     "output_type": "stream",
     "text": [
      "[1] \"rename feature.ids to replace - or / with . \"\n",
      "[1] \"simulate W\"\n",
      "[1] \"sampling in the more aboundant celltypes (>5%)\"\n",
      "[1] \"n is smaller than the number of individuals in W\"\n",
      "[1] \"draw without replacement\"\n",
      "[1] \"extract sources selected in W, only kept those in Z\"\n",
      "[1] \"simulate Z\"\n",
      "[1] \"extracting top quantile :0 features, based on sum of expression in all sources, all samples\"\n",
      "[1] \"sampling 600 random genes no enrichment on low entropy\"\n",
      "[1] \"n is smaller than the number of individuals in Z\"\n",
      "[1] \"draw without replacement\"\n",
      "[1] \"generate X\"\n",
