{
 "cells": [
  {
   "cell_type": "raw",
   "metadata": {},
   "source": [
    "# This notebook takes\n",
    "# n.copies: number of copies to generate \n",
    "# res.dir: path to the directory where the celltype level pseudobulk of Lung HLCA is\n",
    "# all the parameters needed to simulate mixtures from the pseudobulk RDS file\n",
    "# This notebooks calls the functions in simulate.expression.utils.r (checked in the 0.0.2 notebook)\n",
    "# and save n.copies of simulated datasets (generated under different seed)\n",
    "# in a subfolder of res.dir. the name of the subfolder contains all parameters used to generate the data"
   ]
  },
  {
   "cell_type": "code",
   "execution_count": 1,
   "metadata": {
    "scrolled": true
   },
   "outputs": [
    {
     "name": "stderr",
     "output_type": "stream",
     "text": [
      "Warning message:\n",
      "“package ‘MASS’ was built under R version 4.1.3”\n",
      "Welcome to compositions, a package for compositional data analysis.\n",
      "Find an intro with \"? compositions\"\n",
      "\n",
      "\n",
      "\n",
      "Attaching package: ‘compositions’\n",
      "\n",
      "\n",
      "The following objects are masked from ‘package:stats’:\n",
      "\n",
      "    anova, cor, cov, dist, var\n",
      "\n",
      "\n",
      "The following objects are masked from ‘package:base’:\n",
      "\n",
      "    %*%, norm, scale, scale.default\n",
      "\n",
      "\n"
     ]
    }
   ],
   "source": [
    "source(\"analysis.utils.r\")\n",
    "source(\"simulate.expression.utils.r\")\n",
    "set.seed(2023)"
   ]
  },
  {
   "cell_type": "markdown",
   "metadata": {},
   "source": [
    "# Parameters"
   ]
  },
  {
   "cell_type": "code",
   "execution_count": 2,
   "metadata": {},
   "outputs": [],
   "source": [
    "# partial.W = F # T or F\n",
    "# source.col = \"decon.L1\" # \"decon.L1\" or \"decon.L2\"\n",
    "# k = 4\n",
    "# feature.set = \"HEF.10k\" # \"HVF.10k\" or \"HEF.10k\"\n",
    "\n",
    "# partial.W = F # T or F\n",
    "# source.col = \"decon.L2\" # \"decon.L1\" or \"decon.L2\"\n",
    "# k = 6\n",
    "# feature.set = \"HEF.10k\" # \"HVF.10k\" or \"HEF.10k\"\n",
    "# n = 500\n",
    "\n",
    "# partial.W = F # T or F\n",
    "# source.col = \"decon.L1\" # \"decon.L1\" or \"decon.L2\"\n",
    "# k = 4\n",
    "# feature.set = \"HEF.10k\" # \"HVF.10k\" or \"HEF.10k\"\n",
    "# n = 250\n",
    "\n",
    "partial.W = F # T or F\n",
    "source.col = \"decon.L1\" # \"decon.L1\" or \"decon.L2\"\n",
    "k = 4\n",
    "feature.set = \"HEF.10k\" # \"HVF.10k\" or \"HEF.10k\"\n",
    "n = 100"
   ]
  },
  {
   "cell_type": "code",
   "execution_count": 3,
   "metadata": {},
   "outputs": [],
   "source": [
    "n.copies = 20\n",
    "res.dir = \"../Data/RNA/Simulation-Lung/\""
   ]
  },
  {
   "cell_type": "code",
   "execution_count": 4,
   "metadata": {},
   "outputs": [],
   "source": [
    "max_sds = 2\n",
    "m = 600;\n",
    "\n",
    "fit.dirichlet = F;\n",
    "add.noise = T; variable_thr = 10^(-4); fill_thr = 10^(-4); expression.qtl = 0; # dont do additional filtering\n",
    "enrich.low = F; entropy.thr.ratio = 0; enrich.ratio = 0;\n",
    "scale.max_sds = Inf; scale.factor.thr = 10**(-4)"
   ]
  },
  {
   "cell_type": "markdown",
   "metadata": {},
   "source": [
    "## Directory"
   ]
  },
  {
   "cell_type": "code",
   "execution_count": 5,
   "metadata": {},
   "outputs": [],
   "source": [
    "res.folder  = paste(\"sc-HLCA\", if (partial.W) \"partial.W\" else \"all.W\", source.col, feature.set, \n",
    "                    \"k\",k,\"m\",m,\"n\",n,\n",
    "                    \"dirichlet\",substr(as.character(fit.dirichlet), 1,1),\n",
    "                    \"noiseZ\",substr(as.character(add.noise), 1,1), \"varThr\",variable_thr, \"filThr\",fill_thr, \"expQtl\",expression.qtl,\n",
    "                    \"enrich\",substr(as.character(enrich.low), 1,1), \"etpRat\",entropy.thr.ratio, \"enrichRat\",enrich.ratio, \n",
    "                    \"maxSds\",max_sds, \"scale.maxSds\",scale.max_sds, \"scale.factor.thr\",scale.factor.thr, sep =  \"_\")\n",
    "\n",
    "res.folder  = file.path(res.dir,res.folder)\n",
    "if (!file.exists(res.folder)){dir.create(file.path(res.folder),recursive = T)}"
   ]
  },
  {
   "cell_type": "code",
   "execution_count": 6,
   "metadata": {},
   "outputs": [
    {
     "data": {
      "text/html": [
       "'../Data/RNA/Simulation-Lung//sc-HLCA_all.W_decon.L1_HEF.10k_k_4_m_600_n_100_dirichlet_F_noiseZ_T_varThr_1e-04_filThr_1e-04_expQtl_0_enrich_F_etpRat_0_enrichRat_0_maxSds_2_scale.maxSds_Inf_scale.factor.thr_1e-04'"
      ],
      "text/latex": [
       "'../Data/RNA/Simulation-Lung//sc-HLCA\\_all.W\\_decon.L1\\_HEF.10k\\_k\\_4\\_m\\_600\\_n\\_100\\_dirichlet\\_F\\_noiseZ\\_T\\_varThr\\_1e-04\\_filThr\\_1e-04\\_expQtl\\_0\\_enrich\\_F\\_etpRat\\_0\\_enrichRat\\_0\\_maxSds\\_2\\_scale.maxSds\\_Inf\\_scale.factor.thr\\_1e-04'"
      ],
      "text/markdown": [
       "'../Data/RNA/Simulation-Lung//sc-HLCA_all.W_decon.L1_HEF.10k_k_4_m_600_n_100_dirichlet_F_noiseZ_T_varThr_1e-04_filThr_1e-04_expQtl_0_enrich_F_etpRat_0_enrichRat_0_maxSds_2_scale.maxSds_Inf_scale.factor.thr_1e-04'"
      ],
      "text/plain": [
       "[1] \"../Data/RNA/Simulation-Lung//sc-HLCA_all.W_decon.L1_HEF.10k_k_4_m_600_n_100_dirichlet_F_noiseZ_T_varThr_1e-04_filThr_1e-04_expQtl_0_enrich_F_etpRat_0_enrichRat_0_maxSds_2_scale.maxSds_Inf_scale.factor.thr_1e-04\""
      ]
     },
     "metadata": {},
     "output_type": "display_data"
    }
   ],
   "source": [
    "res.folder"
   ]
  },
  {
   "cell_type": "markdown",
   "metadata": {},
   "source": [
    "# Load Data"
   ]
  },
  {
   "cell_type": "code",
   "execution_count": 7,
   "metadata": {},
   "outputs": [],
   "source": [
    "HLCA.pb = readRDS(file.path(res.dir, \n",
    "                            paste0(\"HLCA.pseudobulk.\",\n",
    "                                    source.col, \".\",\n",
    "                                    if (partial.W) \"partial.W.\" else \"all.W.\",\n",
    "                                    \"rds\")))\n",
    "                                   \n",
    "Z.src = HLCA.pb$Z\n",
    "W.src = HLCA.pb$W"
   ]
  },
  {
   "cell_type": "code",
   "execution_count": 8,
   "metadata": {},
   "outputs": [
    {
     "data": {
      "text/html": [
       "3060"
      ],
      "text/latex": [
       "3060"
      ],
      "text/markdown": [
       "3060"
      ],
      "text/plain": [
       "[1] 3060"
      ]
     },
     "metadata": {},
     "output_type": "display_data"
    }
   ],
   "source": [
    "length(intersect(HLCA.pb$HEF, HLCA.pb$HVF))"
   ]
  },
  {
   "cell_type": "code",
   "execution_count": 9,
   "metadata": {},
   "outputs": [
    {
     "data": {
      "text/html": [
       "<style>\n",
       ".dl-inline {width: auto; margin:0; padding: 0}\n",
       ".dl-inline>dt, .dl-inline>dd {float: none; width: auto; display: inline-block}\n",
       ".dl-inline>dt::after {content: \":\\0020\"; padding-right: .5ex}\n",
       ".dl-inline>dt:not(:first-of-type) {padding-left: .5ex}\n",
       "</style><dl class=dl-inline><dt>ENSG00000211592</dt><dd>146.257457351458</dd><dt>ENSG00000211895</dt><dd>84.1254728672962</dd><dt>ENSG00000132465</dt><dd>41.7500163823599</dd><dt>ENSG00000211899</dt><dd>9.48691499311609</dd><dt>ENSG00000211896</dt><dd>17.3467139174838</dd><dt>ENSG00000211677</dt><dd>77.6445981004015</dd></dl>\n"
      ],
      "text/latex": [
       "\\begin{description*}\n",
       "\\item[ENSG00000211592] 146.257457351458\n",
       "\\item[ENSG00000211895] 84.1254728672962\n",
       "\\item[ENSG00000132465] 41.7500163823599\n",
       "\\item[ENSG00000211899] 9.48691499311609\n",
       "\\item[ENSG00000211896] 17.3467139174838\n",
       "\\item[ENSG00000211677] 77.6445981004015\n",
       "\\end{description*}\n"
      ],
      "text/markdown": [
       "ENSG00000211592\n",
       ":   146.257457351458ENSG00000211895\n",
       ":   84.1254728672962ENSG00000132465\n",
       ":   41.7500163823599ENSG00000211899\n",
       ":   9.48691499311609ENSG00000211896\n",
       ":   17.3467139174838ENSG00000211677\n",
       ":   77.6445981004015\n",
       "\n"
      ],
      "text/plain": [
       "ENSG00000211592 ENSG00000211895 ENSG00000132465 ENSG00000211899 ENSG00000211896 \n",
       "     146.257457       84.125473       41.750016        9.486915       17.346714 \n",
       "ENSG00000211677 \n",
       "      77.644598 "
      ]
     },
     "metadata": {},
     "output_type": "display_data"
    }
   ],
   "source": [
    "rowMeans(HLCA.pb$params$mus[head(HLCA.pb$HVF),])"
   ]
  },
  {
   "cell_type": "code",
   "execution_count": 10,
   "metadata": {},
   "outputs": [
    {
     "data": {
      "text/html": [
       "<style>\n",
       ".dl-inline {width: auto; margin:0; padding: 0}\n",
       ".dl-inline>dt, .dl-inline>dd {float: none; width: auto; display: inline-block}\n",
       ".dl-inline>dt::after {content: \":\\0020\"; padding-right: .5ex}\n",
       ".dl-inline>dt:not(:first-of-type) {padding-left: .5ex}\n",
       "</style><dl class=dl-inline><dt>ENSG00000251562</dt><dd>33608.5844258502</dd><dt>ENSG00000168484</dt><dd>18304.8723226984</dd><dt>ENSG00000087086</dt><dd>13348.6887353306</dd><dt>ENSG00000167996</dt><dd>9230.94793711024</dd><dt>ENSG00000198804</dt><dd>8534.52299083448</dd><dt>ENSG00000198712</dt><dd>8137.68959632259</dd></dl>\n"
      ],
      "text/latex": [
       "\\begin{description*}\n",
       "\\item[ENSG00000251562] 33608.5844258502\n",
       "\\item[ENSG00000168484] 18304.8723226984\n",
       "\\item[ENSG00000087086] 13348.6887353306\n",
       "\\item[ENSG00000167996] 9230.94793711024\n",
       "\\item[ENSG00000198804] 8534.52299083448\n",
       "\\item[ENSG00000198712] 8137.68959632259\n",
       "\\end{description*}\n"
      ],
      "text/markdown": [
       "ENSG00000251562\n",
       ":   33608.5844258502ENSG00000168484\n",
       ":   18304.8723226984ENSG00000087086\n",
       ":   13348.6887353306ENSG00000167996\n",
       ":   9230.94793711024ENSG00000198804\n",
       ":   8534.52299083448ENSG00000198712\n",
       ":   8137.68959632259\n",
       "\n"
      ],
      "text/plain": [
       "ENSG00000251562 ENSG00000168484 ENSG00000087086 ENSG00000167996 ENSG00000198804 \n",
       "      33608.584       18304.872       13348.689        9230.948        8534.523 \n",
       "ENSG00000198712 \n",
       "       8137.690 "
      ]
     },
     "metadata": {},
     "output_type": "display_data"
    }
   ],
   "source": [
    "rowMeans(HLCA.pb$params$mus[head(HLCA.pb$HEF),])"
   ]
  },
  {
   "cell_type": "code",
   "execution_count": 11,
   "metadata": {
    "scrolled": true
   },
   "outputs": [
    {
     "data": {
      "text/html": [
       "<table class=\"dataframe\">\n",
       "<caption>A matrix: 90 × 4 of type dbl</caption>\n",
       "<thead>\n",
       "\t<tr><th></th><th scope=col>Immune</th><th scope=col>Epithelial</th><th scope=col>Endothelial</th><th scope=col>Stroma</th></tr>\n",
       "</thead>\n",
       "<tbody>\n",
       "\t<tr><th scope=row>SC22</th><td>0.398769231</td><td>0.591589744</td><td>0.0069743590</td><td>0.002666667</td></tr>\n",
       "\t<tr><th scope=row>distal 2</th><td>0.366979849</td><td>0.061070590</td><td>0.5181728273</td><td>0.053776734</td></tr>\n",
       "\t<tr><th scope=row>SC27</th><td>0.307290195</td><td>0.653998305</td><td>0.0310822266</td><td>0.007629274</td></tr>\n",
       "\t<tr><th scope=row>distal 1a</th><td>0.579882571</td><td>0.122373300</td><td>0.2291409147</td><td>0.068603214</td></tr>\n",
       "\t<tr><th scope=row>SC18</th><td>0.563184664</td><td>0.418035994</td><td>0.0136932707</td><td>0.005086072</td></tr>\n",
       "\t<tr><th scope=row>VUHD68</th><td>0.710629635</td><td>0.019194416</td><td>0.2376036062</td><td>0.032572343</td></tr>\n",
       "\t<tr><th scope=row>SC142</th><td>0.996131528</td><td>0.001289491</td><td>0.0000000000</td><td>0.002578981</td></tr>\n",
       "\t<tr><th scope=row>F02526</th><td>0.551322418</td><td>0.317065491</td><td>0.1007556675</td><td>0.030856423</td></tr>\n",
       "\t<tr><th scope=row>VUHD67</th><td>0.713713268</td><td>0.199688335</td><td>0.0640026714</td><td>0.022595726</td></tr>\n",
       "\t<tr><th scope=row>SC24</th><td>0.488992489</td><td>0.482776483</td><td>0.0207200207</td><td>0.007511008</td></tr>\n",
       "\t<tr><th scope=row>7185212</th><td>0.610097582</td><td>0.319898176</td><td>0.0254560882</td><td>0.044548154</td></tr>\n",
       "\t<tr><th scope=row>F01394</th><td>0.934590973</td><td>0.059943583</td><td>0.0044076164</td><td>0.001057828</td></tr>\n",
       "\t<tr><th scope=row>7239217</th><td>0.724519511</td><td>0.216074549</td><td>0.0000000000</td><td>0.059405941</td></tr>\n",
       "\t<tr><th scope=row>SC141</th><td>0.008991955</td><td>0.987695220</td><td>0.0007098912</td><td>0.002602934</td></tr>\n",
       "\t<tr><th scope=row>F01874</th><td>0.659698026</td><td>0.267131243</td><td>0.0696864111</td><td>0.003484321</td></tr>\n",
       "\t<tr><th scope=row>SC156</th><td>0.698288612</td><td>0.107120220</td><td>0.1328966829</td><td>0.061694486</td></tr>\n",
       "\t<tr><th scope=row>distal 3</th><td>0.510794863</td><td>0.182575495</td><td>0.2077750781</td><td>0.098854564</td></tr>\n",
       "\t<tr><th scope=row>368C_12h</th><td>0.880885453</td><td>0.013703443</td><td>0.0094869993</td><td>0.095924104</td></tr>\n",
       "\t<tr><th scope=row>SC85</th><td>0.000000000</td><td>0.996257018</td><td>0.0002079434</td><td>0.003535038</td></tr>\n",
       "\t<tr><th scope=row>F02524</th><td>0.498128509</td><td>0.249688085</td><td>0.1857454772</td><td>0.066437929</td></tr>\n",
       "\t<tr><th scope=row>390C_12h</th><td>0.639408317</td><td>0.204298074</td><td>0.0454926040</td><td>0.110801005</td></tr>\n",
       "\t<tr><th scope=row>F01641</th><td>0.726769231</td><td>0.224000000</td><td>0.0424615385</td><td>0.006769231</td></tr>\n",
       "\t<tr><th scope=row>F01365</th><td>0.736083824</td><td>0.072691552</td><td>0.1787819253</td><td>0.012442698</td></tr>\n",
       "\t<tr><th scope=row>F02617</th><td>0.304732008</td><td>0.445994652</td><td>0.1934658761</td><td>0.055807464</td></tr>\n",
       "\t<tr><th scope=row>7135920</th><td>0.865237366</td><td>0.108728943</td><td>0.0000000000</td><td>0.026033691</td></tr>\n",
       "\t<tr><th scope=row>356C_72h</th><td>0.897414159</td><td>0.085629504</td><td>0.0063586265</td><td>0.010597711</td></tr>\n",
       "\t<tr><th scope=row>SC20</th><td>0.307540854</td><td>0.679858240</td><td>0.0104351250</td><td>0.002165781</td></tr>\n",
       "\t<tr><th scope=row>F01367</th><td>0.779717373</td><td>0.057356608</td><td>0.1438071488</td><td>0.019118869</td></tr>\n",
       "\t<tr><th scope=row>SC45</th><td>0.905467721</td><td>0.072463768</td><td>0.0125164690</td><td>0.009552042</td></tr>\n",
       "\t<tr><th scope=row>F02528</th><td>0.334283493</td><td>0.267685929</td><td>0.3861103913</td><td>0.011920187</td></tr>\n",
       "\t<tr><th scope=row>⋮</th><td>⋮</td><td>⋮</td><td>⋮</td><td>⋮</td></tr>\n",
       "\t<tr><th scope=row>7185213</th><td>0.4664311</td><td>0.413427562</td><td>0.045936396</td><td>0.074204947</td></tr>\n",
       "\t<tr><th scope=row>390C_72h</th><td>0.9452269</td><td>0.012519562</td><td>0.008137715</td><td>0.034115806</td></tr>\n",
       "\t<tr><th scope=row>7135919</th><td>0.8871450</td><td>0.088938714</td><td>0.000000000</td><td>0.023916293</td></tr>\n",
       "\t<tr><th scope=row>368C_24h</th><td>0.5927518</td><td>0.082309582</td><td>0.088452088</td><td>0.236486486</td></tr>\n",
       "\t<tr><th scope=row>SC59</th><td>0.8483904</td><td>0.054690204</td><td>0.075804777</td><td>0.021114573</td></tr>\n",
       "\t<tr><th scope=row>VUHD70</th><td>0.3480106</td><td>0.160742706</td><td>0.485411141</td><td>0.005835544</td></tr>\n",
       "\t<tr><th scope=row>390C_24h</th><td>0.8649826</td><td>0.057491289</td><td>0.037891986</td><td>0.039634146</td></tr>\n",
       "\t<tr><th scope=row>368C_0h</th><td>0.9038462</td><td>0.006410256</td><td>0.009615385</td><td>0.080128205</td></tr>\n",
       "\t<tr><th scope=row>F02092</th><td>0.3805310</td><td>0.526548673</td><td>0.039823009</td><td>0.053097345</td></tr>\n",
       "\t<tr><th scope=row>F01366</th><td>0.7262873</td><td>0.037940379</td><td>0.220189702</td><td>0.015582656</td></tr>\n",
       "\t<tr><th scope=row>7239219</th><td>0.5861366</td><td>0.183486239</td><td>0.098878695</td><td>0.131498471</td></tr>\n",
       "\t<tr><th scope=row>7239220</th><td>0.7349747</td><td>0.160028965</td><td>0.050687907</td><td>0.054308472</td></tr>\n",
       "\t<tr><th scope=row>F01692</th><td>0.6625000</td><td>0.275000000</td><td>0.044444444</td><td>0.018055556</td></tr>\n",
       "\t<tr><th scope=row>SC31D</th><td>0.9250354</td><td>0.056577086</td><td>0.016973126</td><td>0.001414427</td></tr>\n",
       "\t<tr><th scope=row>F02613</th><td>0.7862595</td><td>0.141766630</td><td>0.005452563</td><td>0.066521265</td></tr>\n",
       "\t<tr><th scope=row>F01494</th><td>0.5328467</td><td>0.116788321</td><td>0.328467153</td><td>0.021897810</td></tr>\n",
       "\t<tr><th scope=row>F00409</th><td>0.7963470</td><td>0.029223744</td><td>0.156164384</td><td>0.018264840</td></tr>\n",
       "\t<tr><th scope=row>F02609</th><td>0.2843137</td><td>0.647058824</td><td>0.039215686</td><td>0.029411765</td></tr>\n",
       "\t<tr><th scope=row>F01483</th><td>0.6342342</td><td>0.232432432</td><td>0.118918919</td><td>0.014414414</td></tr>\n",
       "\t<tr><th scope=row>7239218</th><td>0.6747182</td><td>0.301932367</td><td>0.007246377</td><td>0.016103060</td></tr>\n",
       "\t<tr><th scope=row>F01853</th><td>0.3012478</td><td>0.110516934</td><td>0.554367201</td><td>0.033868093</td></tr>\n",
       "\t<tr><th scope=row>7119452</th><td>0.6711409</td><td>0.107382550</td><td>0.214765101</td><td>0.006711409</td></tr>\n",
       "\t<tr><th scope=row>7119453</th><td>0.6685083</td><td>0.066298343</td><td>0.232044199</td><td>0.033149171</td></tr>\n",
       "\t<tr><th scope=row>SC31</th><td>0.8944724</td><td>0.058626466</td><td>0.035175879</td><td>0.011725293</td></tr>\n",
       "\t<tr><th scope=row>F01508</th><td>0.9097222</td><td>0.045138889</td><td>0.041666667</td><td>0.003472222</td></tr>\n",
       "\t<tr><th scope=row>F01495</th><td>0.8203125</td><td>0.070312500</td><td>0.085937500</td><td>0.023437500</td></tr>\n",
       "\t<tr><th scope=row>7239213</th><td>0.5956790</td><td>0.367283951</td><td>0.000000000</td><td>0.037037037</td></tr>\n",
       "\t<tr><th scope=row>F01511</th><td>0.7990544</td><td>0.141843972</td><td>0.056737589</td><td>0.002364066</td></tr>\n",
       "\t<tr><th scope=row>F01506</th><td>0.2820513</td><td>0.692307692</td><td>0.000000000</td><td>0.025641026</td></tr>\n",
       "\t<tr><th scope=row>F01869</th><td>0.0000000</td><td>1.000000000</td><td>0.000000000</td><td>0.000000000</td></tr>\n",
       "</tbody>\n",
       "</table>\n"
      ],
      "text/latex": [
       "A matrix: 90 × 4 of type dbl\n",
       "\\begin{tabular}{r|llll}\n",
       "  & Immune & Epithelial & Endothelial & Stroma\\\\\n",
       "\\hline\n",
       "\tSC22 & 0.398769231 & 0.591589744 & 0.0069743590 & 0.002666667\\\\\n",
       "\tdistal 2 & 0.366979849 & 0.061070590 & 0.5181728273 & 0.053776734\\\\\n",
       "\tSC27 & 0.307290195 & 0.653998305 & 0.0310822266 & 0.007629274\\\\\n",
       "\tdistal 1a & 0.579882571 & 0.122373300 & 0.2291409147 & 0.068603214\\\\\n",
       "\tSC18 & 0.563184664 & 0.418035994 & 0.0136932707 & 0.005086072\\\\\n",
       "\tVUHD68 & 0.710629635 & 0.019194416 & 0.2376036062 & 0.032572343\\\\\n",
       "\tSC142 & 0.996131528 & 0.001289491 & 0.0000000000 & 0.002578981\\\\\n",
       "\tF02526 & 0.551322418 & 0.317065491 & 0.1007556675 & 0.030856423\\\\\n",
       "\tVUHD67 & 0.713713268 & 0.199688335 & 0.0640026714 & 0.022595726\\\\\n",
       "\tSC24 & 0.488992489 & 0.482776483 & 0.0207200207 & 0.007511008\\\\\n",
       "\t7185212 & 0.610097582 & 0.319898176 & 0.0254560882 & 0.044548154\\\\\n",
       "\tF01394 & 0.934590973 & 0.059943583 & 0.0044076164 & 0.001057828\\\\\n",
       "\t7239217 & 0.724519511 & 0.216074549 & 0.0000000000 & 0.059405941\\\\\n",
       "\tSC141 & 0.008991955 & 0.987695220 & 0.0007098912 & 0.002602934\\\\\n",
       "\tF01874 & 0.659698026 & 0.267131243 & 0.0696864111 & 0.003484321\\\\\n",
       "\tSC156 & 0.698288612 & 0.107120220 & 0.1328966829 & 0.061694486\\\\\n",
       "\tdistal 3 & 0.510794863 & 0.182575495 & 0.2077750781 & 0.098854564\\\\\n",
       "\t368C\\_12h & 0.880885453 & 0.013703443 & 0.0094869993 & 0.095924104\\\\\n",
       "\tSC85 & 0.000000000 & 0.996257018 & 0.0002079434 & 0.003535038\\\\\n",
       "\tF02524 & 0.498128509 & 0.249688085 & 0.1857454772 & 0.066437929\\\\\n",
       "\t390C\\_12h & 0.639408317 & 0.204298074 & 0.0454926040 & 0.110801005\\\\\n",
       "\tF01641 & 0.726769231 & 0.224000000 & 0.0424615385 & 0.006769231\\\\\n",
       "\tF01365 & 0.736083824 & 0.072691552 & 0.1787819253 & 0.012442698\\\\\n",
       "\tF02617 & 0.304732008 & 0.445994652 & 0.1934658761 & 0.055807464\\\\\n",
       "\t7135920 & 0.865237366 & 0.108728943 & 0.0000000000 & 0.026033691\\\\\n",
       "\t356C\\_72h & 0.897414159 & 0.085629504 & 0.0063586265 & 0.010597711\\\\\n",
       "\tSC20 & 0.307540854 & 0.679858240 & 0.0104351250 & 0.002165781\\\\\n",
       "\tF01367 & 0.779717373 & 0.057356608 & 0.1438071488 & 0.019118869\\\\\n",
       "\tSC45 & 0.905467721 & 0.072463768 & 0.0125164690 & 0.009552042\\\\\n",
       "\tF02528 & 0.334283493 & 0.267685929 & 0.3861103913 & 0.011920187\\\\\n",
       "\t⋮ & ⋮ & ⋮ & ⋮ & ⋮\\\\\n",
       "\t7185213 & 0.4664311 & 0.413427562 & 0.045936396 & 0.074204947\\\\\n",
       "\t390C\\_72h & 0.9452269 & 0.012519562 & 0.008137715 & 0.034115806\\\\\n",
       "\t7135919 & 0.8871450 & 0.088938714 & 0.000000000 & 0.023916293\\\\\n",
       "\t368C\\_24h & 0.5927518 & 0.082309582 & 0.088452088 & 0.236486486\\\\\n",
       "\tSC59 & 0.8483904 & 0.054690204 & 0.075804777 & 0.021114573\\\\\n",
       "\tVUHD70 & 0.3480106 & 0.160742706 & 0.485411141 & 0.005835544\\\\\n",
       "\t390C\\_24h & 0.8649826 & 0.057491289 & 0.037891986 & 0.039634146\\\\\n",
       "\t368C\\_0h & 0.9038462 & 0.006410256 & 0.009615385 & 0.080128205\\\\\n",
       "\tF02092 & 0.3805310 & 0.526548673 & 0.039823009 & 0.053097345\\\\\n",
       "\tF01366 & 0.7262873 & 0.037940379 & 0.220189702 & 0.015582656\\\\\n",
       "\t7239219 & 0.5861366 & 0.183486239 & 0.098878695 & 0.131498471\\\\\n",
       "\t7239220 & 0.7349747 & 0.160028965 & 0.050687907 & 0.054308472\\\\\n",
       "\tF01692 & 0.6625000 & 0.275000000 & 0.044444444 & 0.018055556\\\\\n",
       "\tSC31D & 0.9250354 & 0.056577086 & 0.016973126 & 0.001414427\\\\\n",
       "\tF02613 & 0.7862595 & 0.141766630 & 0.005452563 & 0.066521265\\\\\n",
       "\tF01494 & 0.5328467 & 0.116788321 & 0.328467153 & 0.021897810\\\\\n",
       "\tF00409 & 0.7963470 & 0.029223744 & 0.156164384 & 0.018264840\\\\\n",
       "\tF02609 & 0.2843137 & 0.647058824 & 0.039215686 & 0.029411765\\\\\n",
       "\tF01483 & 0.6342342 & 0.232432432 & 0.118918919 & 0.014414414\\\\\n",
       "\t7239218 & 0.6747182 & 0.301932367 & 0.007246377 & 0.016103060\\\\\n",
       "\tF01853 & 0.3012478 & 0.110516934 & 0.554367201 & 0.033868093\\\\\n",
       "\t7119452 & 0.6711409 & 0.107382550 & 0.214765101 & 0.006711409\\\\\n",
       "\t7119453 & 0.6685083 & 0.066298343 & 0.232044199 & 0.033149171\\\\\n",
       "\tSC31 & 0.8944724 & 0.058626466 & 0.035175879 & 0.011725293\\\\\n",
       "\tF01508 & 0.9097222 & 0.045138889 & 0.041666667 & 0.003472222\\\\\n",
       "\tF01495 & 0.8203125 & 0.070312500 & 0.085937500 & 0.023437500\\\\\n",
       "\t7239213 & 0.5956790 & 0.367283951 & 0.000000000 & 0.037037037\\\\\n",
       "\tF01511 & 0.7990544 & 0.141843972 & 0.056737589 & 0.002364066\\\\\n",
       "\tF01506 & 0.2820513 & 0.692307692 & 0.000000000 & 0.025641026\\\\\n",
       "\tF01869 & 0.0000000 & 1.000000000 & 0.000000000 & 0.000000000\\\\\n",
       "\\end{tabular}\n"
      ],
      "text/markdown": [
       "\n",
       "A matrix: 90 × 4 of type dbl\n",
       "\n",
       "| <!--/--> | Immune | Epithelial | Endothelial | Stroma |\n",
       "|---|---|---|---|---|\n",
       "| SC22 | 0.398769231 | 0.591589744 | 0.0069743590 | 0.002666667 |\n",
       "| distal 2 | 0.366979849 | 0.061070590 | 0.5181728273 | 0.053776734 |\n",
       "| SC27 | 0.307290195 | 0.653998305 | 0.0310822266 | 0.007629274 |\n",
       "| distal 1a | 0.579882571 | 0.122373300 | 0.2291409147 | 0.068603214 |\n",
       "| SC18 | 0.563184664 | 0.418035994 | 0.0136932707 | 0.005086072 |\n",
       "| VUHD68 | 0.710629635 | 0.019194416 | 0.2376036062 | 0.032572343 |\n",
       "| SC142 | 0.996131528 | 0.001289491 | 0.0000000000 | 0.002578981 |\n",
       "| F02526 | 0.551322418 | 0.317065491 | 0.1007556675 | 0.030856423 |\n",
       "| VUHD67 | 0.713713268 | 0.199688335 | 0.0640026714 | 0.022595726 |\n",
       "| SC24 | 0.488992489 | 0.482776483 | 0.0207200207 | 0.007511008 |\n",
       "| 7185212 | 0.610097582 | 0.319898176 | 0.0254560882 | 0.044548154 |\n",
       "| F01394 | 0.934590973 | 0.059943583 | 0.0044076164 | 0.001057828 |\n",
       "| 7239217 | 0.724519511 | 0.216074549 | 0.0000000000 | 0.059405941 |\n",
       "| SC141 | 0.008991955 | 0.987695220 | 0.0007098912 | 0.002602934 |\n",
       "| F01874 | 0.659698026 | 0.267131243 | 0.0696864111 | 0.003484321 |\n",
       "| SC156 | 0.698288612 | 0.107120220 | 0.1328966829 | 0.061694486 |\n",
       "| distal 3 | 0.510794863 | 0.182575495 | 0.2077750781 | 0.098854564 |\n",
       "| 368C_12h | 0.880885453 | 0.013703443 | 0.0094869993 | 0.095924104 |\n",
       "| SC85 | 0.000000000 | 0.996257018 | 0.0002079434 | 0.003535038 |\n",
       "| F02524 | 0.498128509 | 0.249688085 | 0.1857454772 | 0.066437929 |\n",
       "| 390C_12h | 0.639408317 | 0.204298074 | 0.0454926040 | 0.110801005 |\n",
       "| F01641 | 0.726769231 | 0.224000000 | 0.0424615385 | 0.006769231 |\n",
       "| F01365 | 0.736083824 | 0.072691552 | 0.1787819253 | 0.012442698 |\n",
       "| F02617 | 0.304732008 | 0.445994652 | 0.1934658761 | 0.055807464 |\n",
       "| 7135920 | 0.865237366 | 0.108728943 | 0.0000000000 | 0.026033691 |\n",
       "| 356C_72h | 0.897414159 | 0.085629504 | 0.0063586265 | 0.010597711 |\n",
       "| SC20 | 0.307540854 | 0.679858240 | 0.0104351250 | 0.002165781 |\n",
       "| F01367 | 0.779717373 | 0.057356608 | 0.1438071488 | 0.019118869 |\n",
       "| SC45 | 0.905467721 | 0.072463768 | 0.0125164690 | 0.009552042 |\n",
       "| F02528 | 0.334283493 | 0.267685929 | 0.3861103913 | 0.011920187 |\n",
       "| ⋮ | ⋮ | ⋮ | ⋮ | ⋮ |\n",
       "| 7185213 | 0.4664311 | 0.413427562 | 0.045936396 | 0.074204947 |\n",
       "| 390C_72h | 0.9452269 | 0.012519562 | 0.008137715 | 0.034115806 |\n",
       "| 7135919 | 0.8871450 | 0.088938714 | 0.000000000 | 0.023916293 |\n",
       "| 368C_24h | 0.5927518 | 0.082309582 | 0.088452088 | 0.236486486 |\n",
       "| SC59 | 0.8483904 | 0.054690204 | 0.075804777 | 0.021114573 |\n",
       "| VUHD70 | 0.3480106 | 0.160742706 | 0.485411141 | 0.005835544 |\n",
       "| 390C_24h | 0.8649826 | 0.057491289 | 0.037891986 | 0.039634146 |\n",
       "| 368C_0h | 0.9038462 | 0.006410256 | 0.009615385 | 0.080128205 |\n",
       "| F02092 | 0.3805310 | 0.526548673 | 0.039823009 | 0.053097345 |\n",
       "| F01366 | 0.7262873 | 0.037940379 | 0.220189702 | 0.015582656 |\n",
       "| 7239219 | 0.5861366 | 0.183486239 | 0.098878695 | 0.131498471 |\n",
       "| 7239220 | 0.7349747 | 0.160028965 | 0.050687907 | 0.054308472 |\n",
       "| F01692 | 0.6625000 | 0.275000000 | 0.044444444 | 0.018055556 |\n",
       "| SC31D | 0.9250354 | 0.056577086 | 0.016973126 | 0.001414427 |\n",
       "| F02613 | 0.7862595 | 0.141766630 | 0.005452563 | 0.066521265 |\n",
       "| F01494 | 0.5328467 | 0.116788321 | 0.328467153 | 0.021897810 |\n",
       "| F00409 | 0.7963470 | 0.029223744 | 0.156164384 | 0.018264840 |\n",
       "| F02609 | 0.2843137 | 0.647058824 | 0.039215686 | 0.029411765 |\n",
       "| F01483 | 0.6342342 | 0.232432432 | 0.118918919 | 0.014414414 |\n",
       "| 7239218 | 0.6747182 | 0.301932367 | 0.007246377 | 0.016103060 |\n",
       "| F01853 | 0.3012478 | 0.110516934 | 0.554367201 | 0.033868093 |\n",
       "| 7119452 | 0.6711409 | 0.107382550 | 0.214765101 | 0.006711409 |\n",
       "| 7119453 | 0.6685083 | 0.066298343 | 0.232044199 | 0.033149171 |\n",
       "| SC31 | 0.8944724 | 0.058626466 | 0.035175879 | 0.011725293 |\n",
       "| F01508 | 0.9097222 | 0.045138889 | 0.041666667 | 0.003472222 |\n",
       "| F01495 | 0.8203125 | 0.070312500 | 0.085937500 | 0.023437500 |\n",
       "| 7239213 | 0.5956790 | 0.367283951 | 0.000000000 | 0.037037037 |\n",
       "| F01511 | 0.7990544 | 0.141843972 | 0.056737589 | 0.002364066 |\n",
       "| F01506 | 0.2820513 | 0.692307692 | 0.000000000 | 0.025641026 |\n",
       "| F01869 | 0.0000000 | 1.000000000 | 0.000000000 | 0.000000000 |\n",
       "\n"
      ],
      "text/plain": [
       "          Immune      Epithelial  Endothelial  Stroma     \n",
       "SC22      0.398769231 0.591589744 0.0069743590 0.002666667\n",
       "distal 2  0.366979849 0.061070590 0.5181728273 0.053776734\n",
       "SC27      0.307290195 0.653998305 0.0310822266 0.007629274\n",
       "distal 1a 0.579882571 0.122373300 0.2291409147 0.068603214\n",
       "SC18      0.563184664 0.418035994 0.0136932707 0.005086072\n",
       "VUHD68    0.710629635 0.019194416 0.2376036062 0.032572343\n",
       "SC142     0.996131528 0.001289491 0.0000000000 0.002578981\n",
       "F02526    0.551322418 0.317065491 0.1007556675 0.030856423\n",
       "VUHD67    0.713713268 0.199688335 0.0640026714 0.022595726\n",
       "SC24      0.488992489 0.482776483 0.0207200207 0.007511008\n",
       "7185212   0.610097582 0.319898176 0.0254560882 0.044548154\n",
       "F01394    0.934590973 0.059943583 0.0044076164 0.001057828\n",
       "7239217   0.724519511 0.216074549 0.0000000000 0.059405941\n",
       "SC141     0.008991955 0.987695220 0.0007098912 0.002602934\n",
       "F01874    0.659698026 0.267131243 0.0696864111 0.003484321\n",
       "SC156     0.698288612 0.107120220 0.1328966829 0.061694486\n",
       "distal 3  0.510794863 0.182575495 0.2077750781 0.098854564\n",
       "368C_12h  0.880885453 0.013703443 0.0094869993 0.095924104\n",
       "SC85      0.000000000 0.996257018 0.0002079434 0.003535038\n",
       "F02524    0.498128509 0.249688085 0.1857454772 0.066437929\n",
       "390C_12h  0.639408317 0.204298074 0.0454926040 0.110801005\n",
       "F01641    0.726769231 0.224000000 0.0424615385 0.006769231\n",
       "F01365    0.736083824 0.072691552 0.1787819253 0.012442698\n",
       "F02617    0.304732008 0.445994652 0.1934658761 0.055807464\n",
       "7135920   0.865237366 0.108728943 0.0000000000 0.026033691\n",
       "356C_72h  0.897414159 0.085629504 0.0063586265 0.010597711\n",
       "SC20      0.307540854 0.679858240 0.0104351250 0.002165781\n",
       "F01367    0.779717373 0.057356608 0.1438071488 0.019118869\n",
       "SC45      0.905467721 0.072463768 0.0125164690 0.009552042\n",
       "F02528    0.334283493 0.267685929 0.3861103913 0.011920187\n",
       "⋮         ⋮           ⋮           ⋮            ⋮          \n",
       "7185213   0.4664311   0.413427562 0.045936396  0.074204947\n",
       "390C_72h  0.9452269   0.012519562 0.008137715  0.034115806\n",
       "7135919   0.8871450   0.088938714 0.000000000  0.023916293\n",
       "368C_24h  0.5927518   0.082309582 0.088452088  0.236486486\n",
       "SC59      0.8483904   0.054690204 0.075804777  0.021114573\n",
       "VUHD70    0.3480106   0.160742706 0.485411141  0.005835544\n",
       "390C_24h  0.8649826   0.057491289 0.037891986  0.039634146\n",
       "368C_0h   0.9038462   0.006410256 0.009615385  0.080128205\n",
       "F02092    0.3805310   0.526548673 0.039823009  0.053097345\n",
       "F01366    0.7262873   0.037940379 0.220189702  0.015582656\n",
       "7239219   0.5861366   0.183486239 0.098878695  0.131498471\n",
       "7239220   0.7349747   0.160028965 0.050687907  0.054308472\n",
       "F01692    0.6625000   0.275000000 0.044444444  0.018055556\n",
       "SC31D     0.9250354   0.056577086 0.016973126  0.001414427\n",
       "F02613    0.7862595   0.141766630 0.005452563  0.066521265\n",
       "F01494    0.5328467   0.116788321 0.328467153  0.021897810\n",
       "F00409    0.7963470   0.029223744 0.156164384  0.018264840\n",
       "F02609    0.2843137   0.647058824 0.039215686  0.029411765\n",
       "F01483    0.6342342   0.232432432 0.118918919  0.014414414\n",
       "7239218   0.6747182   0.301932367 0.007246377  0.016103060\n",
       "F01853    0.3012478   0.110516934 0.554367201  0.033868093\n",
       "7119452   0.6711409   0.107382550 0.214765101  0.006711409\n",
       "7119453   0.6685083   0.066298343 0.232044199  0.033149171\n",
       "SC31      0.8944724   0.058626466 0.035175879  0.011725293\n",
       "F01508    0.9097222   0.045138889 0.041666667  0.003472222\n",
       "F01495    0.8203125   0.070312500 0.085937500  0.023437500\n",
       "7239213   0.5956790   0.367283951 0.000000000  0.037037037\n",
       "F01511    0.7990544   0.141843972 0.056737589  0.002364066\n",
       "F01506    0.2820513   0.692307692 0.000000000  0.025641026\n",
       "F01869    0.0000000   1.000000000 0.000000000  0.000000000"
      ]
     },
     "metadata": {},
     "output_type": "display_data"
    }
   ],
   "source": [
    "W.src"
   ]
  },
  {
   "cell_type": "code",
   "execution_count": 12,
   "metadata": {},
   "outputs": [
    {
     "data": {
      "text/html": [
       "<style>\n",
       ".dl-inline {width: auto; margin:0; padding: 0}\n",
       ".dl-inline>dt, .dl-inline>dd {float: none; width: auto; display: inline-block}\n",
       ".dl-inline>dt::after {content: \":\\0020\"; padding-right: .5ex}\n",
       ".dl-inline>dt:not(:first-of-type) {padding-left: .5ex}\n",
       "</style><dl class=dl-inline><dt>Immune</dt><dd>0.955555555555556</dd><dt>Epithelial</dt><dd>0.822222222222222</dd><dt>Endothelial</dt><dd>0.422222222222222</dd><dt>Stroma</dt><dd>0.244444444444444</dd></dl>\n"
      ],
      "text/latex": [
       "\\begin{description*}\n",
       "\\item[Immune] 0.955555555555556\n",
       "\\item[Epithelial] 0.822222222222222\n",
       "\\item[Endothelial] 0.422222222222222\n",
       "\\item[Stroma] 0.244444444444444\n",
       "\\end{description*}\n"
      ],
      "text/markdown": [
       "Immune\n",
       ":   0.955555555555556Epithelial\n",
       ":   0.822222222222222Endothelial\n",
       ":   0.422222222222222Stroma\n",
       ":   0.244444444444444\n",
       "\n"
      ],
      "text/plain": [
       "     Immune  Epithelial Endothelial      Stroma \n",
       "  0.9555556   0.8222222   0.4222222   0.2444444 "
      ]
     },
     "metadata": {},
     "output_type": "display_data"
    }
   ],
   "source": [
    "colMeans(W.src > 0.05)"
   ]
  },
  {
   "cell_type": "code",
   "execution_count": 13,
   "metadata": {},
   "outputs": [
    {
     "data": {
      "text/html": [
       "<table class=\"dataframe\">\n",
       "<caption>A matrix: 27032 × 90 of type dbl</caption>\n",
       "<thead>\n",
       "\t<tr><th></th><th scope=col>SC22</th><th scope=col>distal 2</th><th scope=col>SC27</th><th scope=col>distal 1a</th><th scope=col>SC18</th><th scope=col>VUHD68</th><th scope=col>SC142</th><th scope=col>F02526</th><th scope=col>VUHD67</th><th scope=col>SC24</th><th scope=col>⋯</th><th scope=col>F01853</th><th scope=col>7119452</th><th scope=col>7119453</th><th scope=col>SC31</th><th scope=col>F01508</th><th scope=col>F01495</th><th scope=col>7239213</th><th scope=col>F01511</th><th scope=col>F01506</th><th scope=col>F01869</th></tr>\n",
       "</thead>\n",
       "<tbody>\n",
       "\t<tr><th scope=row>ENSG00000000003</th><td>  0.3235738</td><td>  0.64639764</td><td>  0.6384370</td><td>  1.08611688</td><td>  0.8728974</td><td>  0.44341173</td><td>  0.08774583</td><td>  0.3752314</td><td>  0.89508569</td><td>  0.66979560</td><td>⋯</td><td>  1.6372883</td><td>  0.6387328</td><td>  0.000000</td><td>  6.02658673</td><td>  0.000000</td><td>  0.000000</td><td>  4.1384166</td><td>  0.000000</td><td>  0.00000</td><td>0</td></tr>\n",
       "\t<tr><th scope=row>ENSG00000000005</th><td>  0.0000000</td><td>  0.00000000</td><td>  0.0000000</td><td>  0.00000000</td><td>  0.0000000</td><td>  0.01432243</td><td>  0.00000000</td><td>  0.0000000</td><td>  0.00000000</td><td>  0.00000000</td><td>⋯</td><td>  0.0000000</td><td>  0.0000000</td><td>  0.000000</td><td>  0.00000000</td><td>  0.000000</td><td>  0.000000</td><td>  0.0000000</td><td>  0.000000</td><td>  0.00000</td><td>0</td></tr>\n",
       "\t<tr><th scope=row>ENSG00000000419</th><td> 27.6441254</td><td> 53.94656713</td><td> 23.9568777</td><td> 56.21325558</td><td> 43.8892729</td><td> 20.96396108</td><td> 25.71681505</td><td> 18.8333808</td><td> 23.62771965</td><td> 31.46046844</td><td>⋯</td><td> 28.9197003</td><td> 56.1474622</td><td> 58.716263</td><td> 45.64445892</td><td> 13.368795</td><td> 33.700663</td><td> 36.8802616</td><td>  7.092609</td><td>  0.00000</td><td>0</td></tr>\n",
       "\t<tr><th scope=row>ENSG00000000457</th><td>  4.5822059</td><td>  7.24343562</td><td>  4.9439114</td><td>  7.18769928</td><td>  4.1108038</td><td>  5.60721575</td><td>  4.09551400</td><td> 10.0867113</td><td>  8.78018977</td><td>  5.45022811</td><td>⋯</td><td>  8.8021220</td><td> 15.6266923</td><td>  7.555335</td><td>  6.41772997</td><td>  0.000000</td><td> 30.037401</td><td>  5.4248460</td><td>  3.766304</td><td>  0.00000</td><td>0</td></tr>\n",
       "\t<tr><th scope=row>ENSG00000000460</th><td>  1.1956769</td><td>  3.23153399</td><td>  0.6784349</td><td>  2.07351535</td><td>  1.1861847</td><td>  2.27974324</td><td>  2.27760887</td><td>  3.1120045</td><td>  3.27499347</td><td>  2.11706957</td><td>⋯</td><td>  4.4012748</td><td>  0.0000000</td><td>  2.495671</td><td>  1.55214188</td><td>  2.818902</td><td>  2.560164</td><td>  2.9416806</td><td>  7.849450</td><td>  0.00000</td><td>0</td></tr>\n",
       "\t<tr><th scope=row>ENSG00000000938</th><td>149.4156539</td><td>157.02976787</td><td>244.0264282</td><td>127.94146082</td><td>274.3920141</td><td>156.51466606</td><td>204.17604609</td><td> 84.9967131</td><td>144.83489338</td><td>197.32584053</td><td>⋯</td><td>134.5203341</td><td> 87.6906132</td><td> 66.854398</td><td> 43.52171866</td><td>328.250028</td><td>226.600372</td><td> 92.5275497</td><td>197.506289</td><td>220.99068</td><td>0</td></tr>\n",
       "\t<tr><th scope=row>ENSG00000000971</th><td>  6.9381800</td><td>  2.34840217</td><td>  1.2034373</td><td>  2.12536330</td><td>  2.8304000</td><td>  4.54072937</td><td> 18.10192108</td><td>  3.4894383</td><td>  8.69392264</td><td>  2.49620549</td><td>⋯</td><td>  1.4842489</td><td>  6.0584496</td><td>  2.561387</td><td>  1.53227134</td><td>  2.307614</td><td>  8.187148</td><td> 10.5683159</td><td>  0.000000</td><td>  0.00000</td><td>0</td></tr>\n",
       "\t<tr><th scope=row>ENSG00000001036</th><td> 44.9798432</td><td> 34.81419439</td><td> 30.0559534</td><td> 37.62602733</td><td> 35.7400156</td><td> 73.19986377</td><td> 70.31003961</td><td> 28.7721314</td><td> 43.25122584</td><td> 40.86957778</td><td>⋯</td><td> 80.3991954</td><td> 22.2677551</td><td> 22.051871</td><td> 25.17371753</td><td> 76.000697</td><td> 48.202472</td><td> 34.0065366</td><td> 61.769893</td><td>  0.00000</td><td>0</td></tr>\n",
       "\t<tr><th scope=row>ENSG00000001084</th><td> 16.3637434</td><td>  8.10859386</td><td> 14.3223699</td><td> 13.19611515</td><td> 41.9769905</td><td> 12.27483570</td><td> 31.87365493</td><td>  2.8707898</td><td> 13.74630117</td><td> 17.88703179</td><td>⋯</td><td> 12.3335661</td><td>  2.9054626</td><td>  7.969215</td><td>  1.12757327</td><td> 37.451267</td><td> 14.439580</td><td> 28.3618425</td><td> 19.842541</td><td> 78.36991</td><td>0</td></tr>\n",
