{
 "cells": [
  {
   "cell_type": "raw",
   "metadata": {},
   "source": [
    "# This notebook add the CIBERSORTx estimated celltype proportion (run on local computer) to the CREBBP.dat.rds\n",
    "# it then sets up the (X,W,C1) pair needed for the experiment, saved as entries in CREBBP.dat$expm.dat\n",
    "# txt version of each (X,W,C1) pair is also exported so that CIBERSORTx can read and compute tensor in local computer"
   ]
  },
  {
   "cell_type": "code",
   "execution_count": 1,
   "metadata": {},
   "outputs": [],
   "source": [
    "library(\"data.table\")\n",
    "set.seed(2023)"
   ]
  },
  {
   "cell_type": "code",
   "execution_count": 2,
   "metadata": {},
   "outputs": [],
   "source": [
    "data.dir   = file.path(\"../Data/RNA/CREBBP/\")\n",
    "res.dir    = file.path(\"../Result/RNA/CREBBP/\")\n",
    "\n",
    "CREBBP.dat = readRDS(file.path(data.dir, \"CREBBP.dat.rds\"))\n",
    "#all X have the same order of samples\n",
    "#all DE genes or probes are unique and present in the corresponding X"
   ]
  },
  {
   "cell_type": "markdown",
   "metadata": {},
   "source": [
    "# Adding W.hat to CREBBP.dat"
   ]
  },
  {
   "cell_type": "code",
   "execution_count": 3,
   "metadata": {},
   "outputs": [],
   "source": [
    "W.hat = as.matrix(data.frame(fread(file.path(res.dir, \"Cibersortx-W-hat\", \"CIBERSORTxGEP_Fractions.txt\"), header = T), row.names = 1))\n",
    "W.hat = W.hat[, 1:22]\n",
    "# colapse to 4 celltypes\n",
    "merge.class = colnames(fread(file.path(data.dir,\"Cibersortx-fig3/Fig3b-f-LM4_merged_classes.txt\")))\n",
    "colnames(W.hat) = merge.class\n",
    "W.hat = t(rowsum(t(W.hat), group = colnames(W.hat), na.rm = T))\n",
    "# remove space in celltype names\n",
    "colnames(W.hat) = gsub(\" \", \"\", colnames(W.hat))\n",
    "# reorder to be most abundant to least abundant\n",
    "W.hat = W.hat[,order(-colMeans(W.hat))]\n",
    "# reorder sample.ids\n",
    "W.hat = W.hat[colnames(CREBBP.dat$X.genes),]"
   ]
  },
  {
   "cell_type": "code",
   "execution_count": 4,
   "metadata": {
    "scrolled": true
   },
   "outputs": [
    {
     "data": {
      "text/html": [
       "<table class=\"dataframe\">\n",
       "<caption>A matrix: 302 × 4 of type dbl</caption>\n",
       "<thead>\n",
       "\t<tr><th></th><th scope=col>Bcells</th><th scope=col>Remaining</th><th scope=col>TcellsCD4</th><th scope=col>TcellsCD8</th></tr>\n",
       "</thead>\n",
       "<tbody>\n",
       "\t<tr><th scope=row>FL_1004</th><td>0.4184603</td><td>0.20032060</td><td>0.28977389</td><td>0.09144518</td></tr>\n",
       "\t<tr><th scope=row>FL_1005</th><td>0.6138367</td><td>0.18113672</td><td>0.12287782</td><td>0.08214880</td></tr>\n",
       "\t<tr><th scope=row>FL_1006</th><td>0.5260250</td><td>0.18142659</td><td>0.13871346</td><td>0.15383494</td></tr>\n",
       "\t<tr><th scope=row>FL_1008</th><td>0.2632071</td><td>0.31874740</td><td>0.28268386</td><td>0.13536166</td></tr>\n",
       "\t<tr><th scope=row>FL_1009</th><td>0.7442994</td><td>0.11681008</td><td>0.06220044</td><td>0.07669013</td></tr>\n",
       "\t<tr><th scope=row>FL_1010</th><td>0.5455849</td><td>0.07774806</td><td>0.24935193</td><td>0.12731510</td></tr>\n",
       "\t<tr><th scope=row>FL_1012</th><td>0.6347613</td><td>0.13470168</td><td>0.12674105</td><td>0.10379596</td></tr>\n",
       "\t<tr><th scope=row>FL_1014</th><td>0.3782999</td><td>0.26462257</td><td>0.11354515</td><td>0.24353240</td></tr>\n",
       "\t<tr><th scope=row>FL_1016</th><td>0.6531219</td><td>0.14504347</td><td>0.09764175</td><td>0.10419287</td></tr>\n",
       "\t<tr><th scope=row>FL_1017</th><td>0.7372400</td><td>0.11315550</td><td>0.08649665</td><td>0.06310784</td></tr>\n",
       "\t<tr><th scope=row>FL_1022</th><td>0.4518628</td><td>0.20905010</td><td>0.19376570</td><td>0.14532135</td></tr>\n",
       "\t<tr><th scope=row>FL_1024</th><td>0.4633225</td><td>0.25421810</td><td>0.20453017</td><td>0.07792924</td></tr>\n",
       "\t<tr><th scope=row>FL_1025</th><td>0.7299872</td><td>0.11675542</td><td>0.05636731</td><td>0.09689009</td></tr>\n",
       "\t<tr><th scope=row>FL_1028</th><td>0.3942903</td><td>0.19753722</td><td>0.25939943</td><td>0.14877300</td></tr>\n",
       "\t<tr><th scope=row>FL_1030</th><td>0.5634385</td><td>0.20800691</td><td>0.17943731</td><td>0.04911727</td></tr>\n",
       "\t<tr><th scope=row>FL_1033</th><td>0.6144070</td><td>0.17408556</td><td>0.11871843</td><td>0.09278902</td></tr>\n",
       "\t<tr><th scope=row>FL_1037</th><td>0.3821706</td><td>0.21367423</td><td>0.25115783</td><td>0.15299739</td></tr>\n",
       "\t<tr><th scope=row>FL_1039</th><td>0.3723789</td><td>0.22158100</td><td>0.20568786</td><td>0.20035220</td></tr>\n",
       "\t<tr><th scope=row>FL_1040</th><td>0.4586072</td><td>0.10114885</td><td>0.27003205</td><td>0.17021188</td></tr>\n",
       "\t<tr><th scope=row>FL_1044</th><td>0.5363898</td><td>0.15599914</td><td>0.19235635</td><td>0.11525475</td></tr>\n",
       "\t<tr><th scope=row>FL_1045</th><td>0.5323371</td><td>0.17675521</td><td>0.21072820</td><td>0.08017947</td></tr>\n",
       "\t<tr><th scope=row>FL_1047</th><td>0.6683897</td><td>0.12316765</td><td>0.12589527</td><td>0.08254741</td></tr>\n",
       "\t<tr><th scope=row>FL_1049</th><td>0.5916715</td><td>0.16991981</td><td>0.16654318</td><td>0.07186556</td></tr>\n",
       "\t<tr><th scope=row>FL_1050</th><td>0.3505184</td><td>0.20652966</td><td>0.26628899</td><td>0.17666296</td></tr>\n",
       "\t<tr><th scope=row>FL_1052</th><td>0.4238588</td><td>0.25841899</td><td>0.15872957</td><td>0.15899266</td></tr>\n",
       "\t<tr><th scope=row>FL_1053</th><td>0.5223611</td><td>0.19036828</td><td>0.16950186</td><td>0.11776872</td></tr>\n",
       "\t<tr><th scope=row>FL_1054</th><td>0.6618153</td><td>0.16267877</td><td>0.09547165</td><td>0.08003432</td></tr>\n",
       "\t<tr><th scope=row>FL_1055</th><td>0.5697584</td><td>0.20428611</td><td>0.14441229</td><td>0.08154317</td></tr>\n",
       "\t<tr><th scope=row>FL_1056</th><td>0.4013041</td><td>0.21915052</td><td>0.23580514</td><td>0.14374023</td></tr>\n",
       "\t<tr><th scope=row>FL_1058</th><td>0.6977370</td><td>0.13431465</td><td>0.09496696</td><td>0.07298138</td></tr>\n",
       "\t<tr><th scope=row>⋮</th><td>⋮</td><td>⋮</td><td>⋮</td><td>⋮</td></tr>\n",
       "\t<tr><th scope=row>FL_952</th><td>0.4772707</td><td>0.1848237</td><td>0.20003442</td><td>0.13787115</td></tr>\n",
       "\t<tr><th scope=row>FL_953</th><td>0.4786313</td><td>0.1944720</td><td>0.24366149</td><td>0.08323522</td></tr>\n",
       "\t<tr><th scope=row>FL_955</th><td>0.5079698</td><td>0.1436151</td><td>0.20264411</td><td>0.14577101</td></tr>\n",
       "\t<tr><th scope=row>FL_957</th><td>0.2715766</td><td>0.3038213</td><td>0.28836958</td><td>0.13623248</td></tr>\n",
       "\t<tr><th scope=row>FL_958</th><td>0.5377354</td><td>0.1902224</td><td>0.15210707</td><td>0.11993518</td></tr>\n",
       "\t<tr><th scope=row>FL_959</th><td>0.5476549</td><td>0.1720542</td><td>0.13020977</td><td>0.15008117</td></tr>\n",
       "\t<tr><th scope=row>FL_961</th><td>0.1181818</td><td>0.2972608</td><td>0.26188316</td><td>0.32267425</td></tr>\n",
       "\t<tr><th scope=row>FL_962</th><td>0.6536591</td><td>0.1367071</td><td>0.14687097</td><td>0.06276276</td></tr>\n",
       "\t<tr><th scope=row>FL_963</th><td>0.4620845</td><td>0.2366524</td><td>0.22219606</td><td>0.07906710</td></tr>\n",
       "\t<tr><th scope=row>FL_966</th><td>0.3386083</td><td>0.3056423</td><td>0.20011117</td><td>0.15563825</td></tr>\n",
       "\t<tr><th scope=row>FL_967</th><td>0.2797894</td><td>0.2393533</td><td>0.37064122</td><td>0.11021613</td></tr>\n",
       "\t<tr><th scope=row>FL_968</th><td>0.6171007</td><td>0.1086052</td><td>0.16981465</td><td>0.10447946</td></tr>\n",
       "\t<tr><th scope=row>FL_969</th><td>0.5175662</td><td>0.2243750</td><td>0.10287292</td><td>0.15518585</td></tr>\n",
       "\t<tr><th scope=row>FL_973</th><td>0.4802020</td><td>0.1812717</td><td>0.17997609</td><td>0.15855018</td></tr>\n",
       "\t<tr><th scope=row>FL_975</th><td>0.5787527</td><td>0.1797825</td><td>0.09489658</td><td>0.14656814</td></tr>\n",
       "\t<tr><th scope=row>FL_976</th><td>0.2785384</td><td>0.2610037</td><td>0.13949773</td><td>0.32096019</td></tr>\n",
       "\t<tr><th scope=row>FL_978</th><td>0.4052901</td><td>0.1908031</td><td>0.23323033</td><td>0.17067653</td></tr>\n",
       "\t<tr><th scope=row>FL_980</th><td>0.5333828</td><td>0.2036221</td><td>0.19580735</td><td>0.06718778</td></tr>\n",
       "\t<tr><th scope=row>FL_981</th><td>0.4262998</td><td>0.2682258</td><td>0.17526254</td><td>0.13021192</td></tr>\n",
       "\t<tr><th scope=row>FL_982</th><td>0.5936212</td><td>0.1338005</td><td>0.17284191</td><td>0.09973638</td></tr>\n",
       "\t<tr><th scope=row>FL_983</th><td>0.4679986</td><td>0.2144652</td><td>0.15374213</td><td>0.16379413</td></tr>\n",
       "\t<tr><th scope=row>FL_984</th><td>0.6625519</td><td>0.1179086</td><td>0.10869778</td><td>0.11084167</td></tr>\n",
       "\t<tr><th scope=row>FL_986</th><td>0.4529825</td><td>0.2653876</td><td>0.11017302</td><td>0.17145689</td></tr>\n",
       "\t<tr><th scope=row>FL_987</th><td>0.4951064</td><td>0.1988192</td><td>0.14496610</td><td>0.16110831</td></tr>\n",
       "\t<tr><th scope=row>FL_989</th><td>0.3541215</td><td>0.3049299</td><td>0.17927085</td><td>0.16167782</td></tr>\n",
       "\t<tr><th scope=row>FL_991</th><td>0.5801549</td><td>0.1878036</td><td>0.13671800</td><td>0.09532351</td></tr>\n",
       "\t<tr><th scope=row>FL_993</th><td>0.5260704</td><td>0.1958312</td><td>0.17805658</td><td>0.10004186</td></tr>\n",
       "\t<tr><th scope=row>FL_994</th><td>0.6027368</td><td>0.1680413</td><td>0.09062622</td><td>0.13859562</td></tr>\n",
       "\t<tr><th scope=row>FL_996</th><td>0.4955560</td><td>0.1947074</td><td>0.12731498</td><td>0.18242166</td></tr>\n",
       "\t<tr><th scope=row>FL_999</th><td>0.6341865</td><td>0.1524454</td><td>0.10608441</td><td>0.10728369</td></tr>\n",
       "</tbody>\n",
       "</table>\n"
      ],
      "text/latex": [
       "A matrix: 302 × 4 of type dbl\n",
       "\\begin{tabular}{r|llll}\n",
       "  & Bcells & Remaining & TcellsCD4 & TcellsCD8\\\\\n",
       "\\hline\n",
       "\tFL\\_1004 & 0.4184603 & 0.20032060 & 0.28977389 & 0.09144518\\\\\n",
       "\tFL\\_1005 & 0.6138367 & 0.18113672 & 0.12287782 & 0.08214880\\\\\n",
       "\tFL\\_1006 & 0.5260250 & 0.18142659 & 0.13871346 & 0.15383494\\\\\n",
       "\tFL\\_1008 & 0.2632071 & 0.31874740 & 0.28268386 & 0.13536166\\\\\n",
       "\tFL\\_1009 & 0.7442994 & 0.11681008 & 0.06220044 & 0.07669013\\\\\n",
       "\tFL\\_1010 & 0.5455849 & 0.07774806 & 0.24935193 & 0.12731510\\\\\n",
       "\tFL\\_1012 & 0.6347613 & 0.13470168 & 0.12674105 & 0.10379596\\\\\n",
       "\tFL\\_1014 & 0.3782999 & 0.26462257 & 0.11354515 & 0.24353240\\\\\n",
       "\tFL\\_1016 & 0.6531219 & 0.14504347 & 0.09764175 & 0.10419287\\\\\n",
       "\tFL\\_1017 & 0.7372400 & 0.11315550 & 0.08649665 & 0.06310784\\\\\n",
       "\tFL\\_1022 & 0.4518628 & 0.20905010 & 0.19376570 & 0.14532135\\\\\n",
       "\tFL\\_1024 & 0.4633225 & 0.25421810 & 0.20453017 & 0.07792924\\\\\n",
       "\tFL\\_1025 & 0.7299872 & 0.11675542 & 0.05636731 & 0.09689009\\\\\n",
       "\tFL\\_1028 & 0.3942903 & 0.19753722 & 0.25939943 & 0.14877300\\\\\n",
       "\tFL\\_1030 & 0.5634385 & 0.20800691 & 0.17943731 & 0.04911727\\\\\n",
       "\tFL\\_1033 & 0.6144070 & 0.17408556 & 0.11871843 & 0.09278902\\\\\n",
       "\tFL\\_1037 & 0.3821706 & 0.21367423 & 0.25115783 & 0.15299739\\\\\n",
       "\tFL\\_1039 & 0.3723789 & 0.22158100 & 0.20568786 & 0.20035220\\\\\n",
       "\tFL\\_1040 & 0.4586072 & 0.10114885 & 0.27003205 & 0.17021188\\\\\n",
       "\tFL\\_1044 & 0.5363898 & 0.15599914 & 0.19235635 & 0.11525475\\\\\n",
       "\tFL\\_1045 & 0.5323371 & 0.17675521 & 0.21072820 & 0.08017947\\\\\n",
       "\tFL\\_1047 & 0.6683897 & 0.12316765 & 0.12589527 & 0.08254741\\\\\n",
       "\tFL\\_1049 & 0.5916715 & 0.16991981 & 0.16654318 & 0.07186556\\\\\n",
       "\tFL\\_1050 & 0.3505184 & 0.20652966 & 0.26628899 & 0.17666296\\\\\n",
       "\tFL\\_1052 & 0.4238588 & 0.25841899 & 0.15872957 & 0.15899266\\\\\n",
       "\tFL\\_1053 & 0.5223611 & 0.19036828 & 0.16950186 & 0.11776872\\\\\n",
       "\tFL\\_1054 & 0.6618153 & 0.16267877 & 0.09547165 & 0.08003432\\\\\n",
       "\tFL\\_1055 & 0.5697584 & 0.20428611 & 0.14441229 & 0.08154317\\\\\n",
       "\tFL\\_1056 & 0.4013041 & 0.21915052 & 0.23580514 & 0.14374023\\\\\n",
       "\tFL\\_1058 & 0.6977370 & 0.13431465 & 0.09496696 & 0.07298138\\\\\n",
       "\t⋮ & ⋮ & ⋮ & ⋮ & ⋮\\\\\n",
       "\tFL\\_952 & 0.4772707 & 0.1848237 & 0.20003442 & 0.13787115\\\\\n",
       "\tFL\\_953 & 0.4786313 & 0.1944720 & 0.24366149 & 0.08323522\\\\\n",
       "\tFL\\_955 & 0.5079698 & 0.1436151 & 0.20264411 & 0.14577101\\\\\n",
       "\tFL\\_957 & 0.2715766 & 0.3038213 & 0.28836958 & 0.13623248\\\\\n",
       "\tFL\\_958 & 0.5377354 & 0.1902224 & 0.15210707 & 0.11993518\\\\\n",
       "\tFL\\_959 & 0.5476549 & 0.1720542 & 0.13020977 & 0.15008117\\\\\n",
       "\tFL\\_961 & 0.1181818 & 0.2972608 & 0.26188316 & 0.32267425\\\\\n",
       "\tFL\\_962 & 0.6536591 & 0.1367071 & 0.14687097 & 0.06276276\\\\\n",
       "\tFL\\_963 & 0.4620845 & 0.2366524 & 0.22219606 & 0.07906710\\\\\n",
       "\tFL\\_966 & 0.3386083 & 0.3056423 & 0.20011117 & 0.15563825\\\\\n",
       "\tFL\\_967 & 0.2797894 & 0.2393533 & 0.37064122 & 0.11021613\\\\\n",
       "\tFL\\_968 & 0.6171007 & 0.1086052 & 0.16981465 & 0.10447946\\\\\n",
       "\tFL\\_969 & 0.5175662 & 0.2243750 & 0.10287292 & 0.15518585\\\\\n",
       "\tFL\\_973 & 0.4802020 & 0.1812717 & 0.17997609 & 0.15855018\\\\\n",
       "\tFL\\_975 & 0.5787527 & 0.1797825 & 0.09489658 & 0.14656814\\\\\n",
       "\tFL\\_976 & 0.2785384 & 0.2610037 & 0.13949773 & 0.32096019\\\\\n",
       "\tFL\\_978 & 0.4052901 & 0.1908031 & 0.23323033 & 0.17067653\\\\\n",
       "\tFL\\_980 & 0.5333828 & 0.2036221 & 0.19580735 & 0.06718778\\\\\n",
       "\tFL\\_981 & 0.4262998 & 0.2682258 & 0.17526254 & 0.13021192\\\\\n",
       "\tFL\\_982 & 0.5936212 & 0.1338005 & 0.17284191 & 0.09973638\\\\\n",
       "\tFL\\_983 & 0.4679986 & 0.2144652 & 0.15374213 & 0.16379413\\\\\n",
       "\tFL\\_984 & 0.6625519 & 0.1179086 & 0.10869778 & 0.11084167\\\\\n",
       "\tFL\\_986 & 0.4529825 & 0.2653876 & 0.11017302 & 0.17145689\\\\\n",
       "\tFL\\_987 & 0.4951064 & 0.1988192 & 0.14496610 & 0.16110831\\\\\n",
       "\tFL\\_989 & 0.3541215 & 0.3049299 & 0.17927085 & 0.16167782\\\\\n",
       "\tFL\\_991 & 0.5801549 & 0.1878036 & 0.13671800 & 0.09532351\\\\\n",
       "\tFL\\_993 & 0.5260704 & 0.1958312 & 0.17805658 & 0.10004186\\\\\n",
       "\tFL\\_994 & 0.6027368 & 0.1680413 & 0.09062622 & 0.13859562\\\\\n",
       "\tFL\\_996 & 0.4955560 & 0.1947074 & 0.12731498 & 0.18242166\\\\\n",
       "\tFL\\_999 & 0.6341865 & 0.1524454 & 0.10608441 & 0.10728369\\\\\n",
       "\\end{tabular}\n"
      ],
      "text/markdown": [
       "\n",
       "A matrix: 302 × 4 of type dbl\n",
       "\n",
       "| <!--/--> | Bcells | Remaining | TcellsCD4 | TcellsCD8 |\n",
       "|---|---|---|---|---|\n",
       "| FL_1004 | 0.4184603 | 0.20032060 | 0.28977389 | 0.09144518 |\n",
       "| FL_1005 | 0.6138367 | 0.18113672 | 0.12287782 | 0.08214880 |\n",
       "| FL_1006 | 0.5260250 | 0.18142659 | 0.13871346 | 0.15383494 |\n",
       "| FL_1008 | 0.2632071 | 0.31874740 | 0.28268386 | 0.13536166 |\n",
       "| FL_1009 | 0.7442994 | 0.11681008 | 0.06220044 | 0.07669013 |\n",
       "| FL_1010 | 0.5455849 | 0.07774806 | 0.24935193 | 0.12731510 |\n",
       "| FL_1012 | 0.6347613 | 0.13470168 | 0.12674105 | 0.10379596 |\n",
       "| FL_1014 | 0.3782999 | 0.26462257 | 0.11354515 | 0.24353240 |\n",
       "| FL_1016 | 0.6531219 | 0.14504347 | 0.09764175 | 0.10419287 |\n",
       "| FL_1017 | 0.7372400 | 0.11315550 | 0.08649665 | 0.06310784 |\n",
       "| FL_1022 | 0.4518628 | 0.20905010 | 0.19376570 | 0.14532135 |\n",
       "| FL_1024 | 0.4633225 | 0.25421810 | 0.20453017 | 0.07792924 |\n",
       "| FL_1025 | 0.7299872 | 0.11675542 | 0.05636731 | 0.09689009 |\n",
       "| FL_1028 | 0.3942903 | 0.19753722 | 0.25939943 | 0.14877300 |\n",
       "| FL_1030 | 0.5634385 | 0.20800691 | 0.17943731 | 0.04911727 |\n",
       "| FL_1033 | 0.6144070 | 0.17408556 | 0.11871843 | 0.09278902 |\n",
       "| FL_1037 | 0.3821706 | 0.21367423 | 0.25115783 | 0.15299739 |\n",
       "| FL_1039 | 0.3723789 | 0.22158100 | 0.20568786 | 0.20035220 |\n",
       "| FL_1040 | 0.4586072 | 0.10114885 | 0.27003205 | 0.17021188 |\n",
       "| FL_1044 | 0.5363898 | 0.15599914 | 0.19235635 | 0.11525475 |\n",
       "| FL_1045 | 0.5323371 | 0.17675521 | 0.21072820 | 0.08017947 |\n",
       "| FL_1047 | 0.6683897 | 0.12316765 | 0.12589527 | 0.08254741 |\n",
       "| FL_1049 | 0.5916715 | 0.16991981 | 0.16654318 | 0.07186556 |\n",
       "| FL_1050 | 0.3505184 | 0.20652966 | 0.26628899 | 0.17666296 |\n",
       "| FL_1052 | 0.4238588 | 0.25841899 | 0.15872957 | 0.15899266 |\n",
       "| FL_1053 | 0.5223611 | 0.19036828 | 0.16950186 | 0.11776872 |\n",
       "| FL_1054 | 0.6618153 | 0.16267877 | 0.09547165 | 0.08003432 |\n",
       "| FL_1055 | 0.5697584 | 0.20428611 | 0.14441229 | 0.08154317 |\n",
       "| FL_1056 | 0.4013041 | 0.21915052 | 0.23580514 | 0.14374023 |\n",
       "| FL_1058 | 0.6977370 | 0.13431465 | 0.09496696 | 0.07298138 |\n",
       "| ⋮ | ⋮ | ⋮ | ⋮ | ⋮ |\n",
       "| FL_952 | 0.4772707 | 0.1848237 | 0.20003442 | 0.13787115 |\n",
       "| FL_953 | 0.4786313 | 0.1944720 | 0.24366149 | 0.08323522 |\n",
       "| FL_955 | 0.5079698 | 0.1436151 | 0.20264411 | 0.14577101 |\n",
       "| FL_957 | 0.2715766 | 0.3038213 | 0.28836958 | 0.13623248 |\n",
       "| FL_958 | 0.5377354 | 0.1902224 | 0.15210707 | 0.11993518 |\n",
       "| FL_959 | 0.5476549 | 0.1720542 | 0.13020977 | 0.15008117 |\n",
       "| FL_961 | 0.1181818 | 0.2972608 | 0.26188316 | 0.32267425 |\n",
       "| FL_962 | 0.6536591 | 0.1367071 | 0.14687097 | 0.06276276 |\n",
       "| FL_963 | 0.4620845 | 0.2366524 | 0.22219606 | 0.07906710 |\n",
       "| FL_966 | 0.3386083 | 0.3056423 | 0.20011117 | 0.15563825 |\n",
       "| FL_967 | 0.2797894 | 0.2393533 | 0.37064122 | 0.11021613 |\n",
       "| FL_968 | 0.6171007 | 0.1086052 | 0.16981465 | 0.10447946 |\n",
       "| FL_969 | 0.5175662 | 0.2243750 | 0.10287292 | 0.15518585 |\n",
       "| FL_973 | 0.4802020 | 0.1812717 | 0.17997609 | 0.15855018 |\n",
       "| FL_975 | 0.5787527 | 0.1797825 | 0.09489658 | 0.14656814 |\n",
       "| FL_976 | 0.2785384 | 0.2610037 | 0.13949773 | 0.32096019 |\n",
       "| FL_978 | 0.4052901 | 0.1908031 | 0.23323033 | 0.17067653 |\n",
       "| FL_980 | 0.5333828 | 0.2036221 | 0.19580735 | 0.06718778 |\n",
       "| FL_981 | 0.4262998 | 0.2682258 | 0.17526254 | 0.13021192 |\n",
       "| FL_982 | 0.5936212 | 0.1338005 | 0.17284191 | 0.09973638 |\n",
       "| FL_983 | 0.4679986 | 0.2144652 | 0.15374213 | 0.16379413 |\n",
       "| FL_984 | 0.6625519 | 0.1179086 | 0.10869778 | 0.11084167 |\n",
       "| FL_986 | 0.4529825 | 0.2653876 | 0.11017302 | 0.17145689 |\n",
       "| FL_987 | 0.4951064 | 0.1988192 | 0.14496610 | 0.16110831 |\n",
       "| FL_989 | 0.3541215 | 0.3049299 | 0.17927085 | 0.16167782 |\n",
       "| FL_991 | 0.5801549 | 0.1878036 | 0.13671800 | 0.09532351 |\n",
       "| FL_993 | 0.5260704 | 0.1958312 | 0.17805658 | 0.10004186 |\n",
       "| FL_994 | 0.6027368 | 0.1680413 | 0.09062622 | 0.13859562 |\n",
       "| FL_996 | 0.4955560 | 0.1947074 | 0.12731498 | 0.18242166 |\n",
       "| FL_999 | 0.6341865 | 0.1524454 | 0.10608441 | 0.10728369 |\n",
       "\n"
      ],
      "text/plain": [
       "        Bcells    Remaining  TcellsCD4  TcellsCD8 \n",
       "FL_1004 0.4184603 0.20032060 0.28977389 0.09144518\n",
       "FL_1005 0.6138367 0.18113672 0.12287782 0.08214880\n",
       "FL_1006 0.5260250 0.18142659 0.13871346 0.15383494\n",
       "FL_1008 0.2632071 0.31874740 0.28268386 0.13536166\n",
       "FL_1009 0.7442994 0.11681008 0.06220044 0.07669013\n",
       "FL_1010 0.5455849 0.07774806 0.24935193 0.12731510\n",
       "FL_1012 0.6347613 0.13470168 0.12674105 0.10379596\n",
       "FL_1014 0.3782999 0.26462257 0.11354515 0.24353240\n",
       "FL_1016 0.6531219 0.14504347 0.09764175 0.10419287\n",
       "FL_1017 0.7372400 0.11315550 0.08649665 0.06310784\n",
       "FL_1022 0.4518628 0.20905010 0.19376570 0.14532135\n",
       "FL_1024 0.4633225 0.25421810 0.20453017 0.07792924\n",
       "FL_1025 0.7299872 0.11675542 0.05636731 0.09689009\n",
       "FL_1028 0.3942903 0.19753722 0.25939943 0.14877300\n",
       "FL_1030 0.5634385 0.20800691 0.17943731 0.04911727\n",
       "FL_1033 0.6144070 0.17408556 0.11871843 0.09278902\n",
       "FL_1037 0.3821706 0.21367423 0.25115783 0.15299739\n",
       "FL_1039 0.3723789 0.22158100 0.20568786 0.20035220\n",
       "FL_1040 0.4586072 0.10114885 0.27003205 0.17021188\n",
       "FL_1044 0.5363898 0.15599914 0.19235635 0.11525475\n",
       "FL_1045 0.5323371 0.17675521 0.21072820 0.08017947\n",
       "FL_1047 0.6683897 0.12316765 0.12589527 0.08254741\n",
       "FL_1049 0.5916715 0.16991981 0.16654318 0.07186556\n",
       "FL_1050 0.3505184 0.20652966 0.26628899 0.17666296\n",
       "FL_1052 0.4238588 0.25841899 0.15872957 0.15899266\n",
       "FL_1053 0.5223611 0.19036828 0.16950186 0.11776872\n",
       "FL_1054 0.6618153 0.16267877 0.09547165 0.08003432\n",
       "FL_1055 0.5697584 0.20428611 0.14441229 0.08154317\n",
       "FL_1056 0.4013041 0.21915052 0.23580514 0.14374023\n",
       "FL_1058 0.6977370 0.13431465 0.09496696 0.07298138\n",
       "⋮       ⋮         ⋮          ⋮          ⋮         \n",
       "FL_952  0.4772707 0.1848237  0.20003442 0.13787115\n",
       "FL_953  0.4786313 0.1944720  0.24366149 0.08323522\n",
       "FL_955  0.5079698 0.1436151  0.20264411 0.14577101\n",
       "FL_957  0.2715766 0.3038213  0.28836958 0.13623248\n",
       "FL_958  0.5377354 0.1902224  0.15210707 0.11993518\n",
       "FL_959  0.5476549 0.1720542  0.13020977 0.15008117\n",
       "FL_961  0.1181818 0.2972608  0.26188316 0.32267425\n",
       "FL_962  0.6536591 0.1367071  0.14687097 0.06276276\n",
       "FL_963  0.4620845 0.2366524  0.22219606 0.07906710\n",
       "FL_966  0.3386083 0.3056423  0.20011117 0.15563825\n",
       "FL_967  0.2797894 0.2393533  0.37064122 0.11021613\n",
       "FL_968  0.6171007 0.1086052  0.16981465 0.10447946\n",
       "FL_969  0.5175662 0.2243750  0.10287292 0.15518585\n",
       "FL_973  0.4802020 0.1812717  0.17997609 0.15855018\n",
       "FL_975  0.5787527 0.1797825  0.09489658 0.14656814\n",
       "FL_976  0.2785384 0.2610037  0.13949773 0.32096019\n",
       "FL_978  0.4052901 0.1908031  0.23323033 0.17067653\n",
       "FL_980  0.5333828 0.2036221  0.19580735 0.06718778\n",
       "FL_981  0.4262998 0.2682258  0.17526254 0.13021192\n",
       "FL_982  0.5936212 0.1338005  0.17284191 0.09973638\n",
       "FL_983  0.4679986 0.2144652  0.15374213 0.16379413\n",
       "FL_984  0.6625519 0.1179086  0.10869778 0.11084167\n",
       "FL_986  0.4529825 0.2653876  0.11017302 0.17145689\n",
       "FL_987  0.4951064 0.1988192  0.14496610 0.16110831\n",
       "FL_989  0.3541215 0.3049299  0.17927085 0.16167782\n",
       "FL_991  0.5801549 0.1878036  0.13671800 0.09532351\n",
       "FL_993  0.5260704 0.1958312  0.17805658 0.10004186\n",
       "FL_994  0.6027368 0.1680413  0.09062622 0.13859562\n",
       "FL_996  0.4955560 0.1947074  0.12731498 0.18242166\n",
       "FL_999  0.6341865 0.1524454  0.10608441 0.10728369"
      ]
     },
     "metadata": {},
     "output_type": "display_data"
    }
   ],
   "source": [
    "W.hat"
   ]
  },
  {
   "cell_type": "code",
   "execution_count": 5,
   "metadata": {},
   "outputs": [],
   "source": [
    "CREBBP.dat$W.hat = W.hat "
   ]
  },
  {
   "cell_type": "markdown",
   "metadata": {},
   "source": [
    "# construct expm.dat list with  (X,W,C1) pair"
   ]
  },
  {
   "cell_type": "code",
   "execution_count": 6,
   "metadata": {},
   "outputs": [],
   "source": [
    "# logistic stuff to save cibsersortx need data\n",
    "# key: character: used to identify the experiment set up\n",
    "# expm: a list containing all necessary (W,X,C1) information\n",
    "# ciberosrtx.dir: parent directory that the txt files of this experiment will be saved\n",
    "dumpCibersortx = function(key, expm, cibersortx.dir){\n",
    "  \n",
    "  fp.src = file.path(cibersortx.dir, key, \"src\")\n",
    "  fp.res = file.path(cibersortx.dir, key, \"res\")\n",
    "  \n",
    "  if (!file.exists(fp.src)){dir.create(fp.src, recursive = T)}\n",
    "  if (!file.exists(fp.res)){dir.create(fp.res, recursive = T)}\n",
    "  print(paste0(\"cibersortx data saved here: \",fp.src))\n",
    "  print(paste0(\"cibersortx res dir: \",fp.res))\n",
    "  \n",
    "  #cibersortx data dump \n",
    "  fwrite(as.data.frame(expm$X),   \n",
    "         file = file.path(fp.src,\"X.txt\"),  \n",
    "         sep = \"\\t\", quote=FALSE, row.names = T, col.names = T)\n",
    "  \n",
    "  fwrite(as.data.frame(expm$W),   \n",
    "         file = file.path(fp.res,\"W.txt\"),  \n",
    "         sep = \"\\t\", quote=FALSE, row.names = T, col.names = T)\n",
    "}\n"
   ]
  },
  {
   "cell_type": "code",
   "execution_count": 7,
   "metadata": {},
   "outputs": [
    {
     "name": "stdout",
     "output_type": "stream",
     "text": [
      "[1] \"working on: genes\"\n",
      "[1] \"cibersortx data saved here: ../Result/RNA/CREBBP//Cibersortx/genes/src\"\n",
      "[1] \"cibersortx res dir: ../Result/RNA/CREBBP//Cibersortx/genes/res\"\n"
     ]
    }
   ],
   "source": [
    "CREBBP.dat[[\"expm.dat\"]] = list()\n",
    "\n",
    "\n",
    "#configures: a list of configuration, each configuration is a combination of version, label and shuffle. \n",
    "#version: \"genes\" or \"probes\"\n",
    "#label: boolean  # if set to T will read the mutation status and only run on those\n",
    "#shuffle: boolean # if set to T will shuffle the label of mutation status, if not, go with the real status\n",
    "\n",
    "configures = list(c(\"genes\",  F, F))\n",
    "#configures = list(c(\"genes\",  F, F), c(\"genes\",  T, F), c(\"genes\",  T, T))\n",
    "\n",
    "for (configure in configures){\n",
    "  version = configure[1]\n",
    "  label   = configure[2]\n",
    "  shuffle = configure[3]\n",
    "  key = paste0(version,  if (label)\".label\" else \"\",  if (shuffle) \".shuffle\" else \"\")\n",
    "  print(paste0(\"working on: \",key))\n",
    "  \n",
    "  \n",
    "  expm = list()\n",
    "  #subsetting X.genes to contain only gene set of interest\n",
    "  if (version == \"genes\"){\n",
    "    feature.ids = c(CREBBP.dat$inc.genes,  CREBBP.dat$dec.genes)\n",
    "    expm$X = CREBBP.dat$X.genes[feature.ids,]\n",
    "  }else{\n",
    "    feature.ids = c(CREBBP.dat$inc.probes, CREBBP.dat$dec.probes)\n",
    "    expm$X = CREBBP.dat$X.probes[feature.ids,]\n",
    "  }\n",
    "  \n",
    "  if (label){\n",
    "    sample.ids = c(CREBBP.dat$samples.mt, CREBBP.dat$samples.wt)\n",
    "    expm$W  = CREBBP.dat$W.hat[sample.ids, ]\n",
    "    expm$X  = expm$X[,sample.ids]\n",
    "    expm$C1 = as.matrix(c(rep(1, length(CREBBP.dat$samples.mt)), rep(0, length(CREBBP.dat$samples.wt))))\n",
    "    colnames(expm$C1) = \"Mutation\"\n",
    "    rownames(expm$C1) = sample.ids\n",
    "    \n",
    "    if (shuffle){\n",
    "      expm$C1 = expm$C1[sample(nrow(expm$C1)),,drop = F]\n",
    "      rownames(expm$C1) = sample.ids\n",
    "    }\n",
    "  }else{\n",
    "    sample.ids = colnames(expm$X)\n",
    "    expm$W  = CREBBP.dat$W.hat[sample.ids, ]\n",
    "    expm$C1 = NULL\n",
    "  }\n",
    "  \n",
    "  CREBBP.dat[[\"expm.dat\"]][[key]] = expm\n",
    "  dumpCibersortx(key, expm, file.path(res.dir,\"Cibersortx\"))\n",
    "}"
   ]
  },
  {
   "cell_type": "markdown",
   "metadata": {},
   "source": [
    "# save the object "
   ]
  },
  {
   "cell_type": "code",
   "execution_count": 8,
   "metadata": {},
   "outputs": [],
   "source": [
    "saveRDS(CREBBP.dat, file.path(data.dir, \"CREBBP.dat.rds\"))"
   ]
  }
 ],
 "metadata": {
  "kernelspec": {
   "display_name": "Seurat-V4",
   "language": "R",
   "name": "ir41"
  },
  "language_info": {
   "codemirror_mode": "r",
   "file_extension": ".r",
   "mimetype": "text/x-r-source",
   "name": "R",
   "pygments_lexer": "r",
   "version": "4.1.0"
  }
 },
 "nbformat": 4,
 "nbformat_minor": 4
}
